# wt_growth c=4 e=3 p=288230376151711687 (index 0) dmax=120
# d u_d translations_in_sphere samesphere_hits secs maxrss_mb
0 1 1 0 0.0 2
1 3 0 0 0.0 2
2 5 0 0 0.0 2
3 8 0 0 0.0 2
4 13 0 0 0.0 2
5 21 0 0 0.0 2
6 34 4 0 0.0 2
7 55 0 0 0.0 2
8 89 2 0 0.0 2
9 144 0 0 0.0 2
10 225 14 0 0.0 2
11 351 0 0 0.0 2
12 554 10 0 0.0 3
13 875 0 0 0.0 3
14 1345 56 0 0.0 3
15 2066 0 0 0.0 3
16 3203 44 0 0.0 3
17 4971 0 0 0.0 3
18 7574 212 0 0.1 3
19 11543 0 0 0.1 4
20 17683 206 0 0.1 4
21 27108 0 0 0.1 4
22 41067 774 0 0.1 5
23 62263 0 0 0.2 6
24 94622 886 0 0.3 8
25 143881 0 0 0.4 10
26 217101 2824 0 0.6 14
27 327789 0 0 0.8 19
28 495283 3690 0 1.1 28
29 748752 0 0 1.6 39
30 1126217 10104 0 2.2 58
31 1695062 0 0 3.1 85
32 2550947 14736 0 4.3 125
33 3841047 0 0 5.9 187
34 5764610 36306 0 8.2 276
35 8656387 0 0 11.7 411
36 12991417 57164 0 16.9 620
37 19506288 0 0 24.7 920
38 29222621 130116 0 36.3 1422
39 43801063 0 0 53.6 1819
40 65605641 217330 0 79.6 2442
