0.9134866387310471416961634746929482928958
0.9680417488977967128790136281119989083568
0.9835790248322118958492765686604832037873
0.9900373960980834306934029668618379431332
0.9933209992831964734298232166422156420741
0.9952139461554023584746957978945197993241
0.9964032333601272297807024109715465048479
0.9971987558217265416868670429447883472107
0.9977568949961713569352827728043936402323
0.9981634749760866623151833878287289173256
0.9984687757681411371369566163490767906593
0.9987038362192997504050575784773539790797
0.998888657081743131386920764123177914741
0.9990365965372805953893983429576430341046
0.9991568515556967235338519305455846225572
0.9992559216160064253875452290049365324848
0.9993385052064010605026262946340576844154
0.9994080670633372748631680402491836657977
0.9994672074279486059002441149406381246798
0.9995179085233852192360050794011053304591
0.9995617027836538642513284807717041000132
0.9995997899866268497856198544997139884799
0.9996331202866251474039817356524070010724
0.9996624540373278520263881604229551486158
0.9996884055336111048080412577542072277499
0.9997114754291956442324150754655225766125
0.9997320750606428036719730931358098127452
0.9997505449072700813527763671591738710312
0.9997671687486846457792332901350621648545
0.9997821846288668138364718175059378984631
0.9997957934242527424753731435683312619531
0.9998081655960431161552917157247027582592
0.9998194465535497188402857789939150418252
0.9998297609457573003076848440646019177017
0.9998392161190634434735531208511923149764
0.9998479049213311323296442253395499824761
0.9998559079897633918374057100800357239889
0.9998632956284032816777129210294198514382
0.9998701293572758633945535382301890789293
0.9998764631971987986460203124064731253921
