1 3 1.10224 1.10427 0.804776 1.74440 1.74440 2.52603 0.499999 -2.290961798 1.064101150
2 3 1.10224 1.10427 0.804776 1.74440 1.74440 2.52603 0.499999 -2.290961798 -1.064101150
1 4 1.05737 1.22474 0.707106 1.41139 1.41139 1.61998 0.309988 -1.145497224 1.145497224
3 4 1.05737 1.22474 0.707106 1.41139 1.41139 1.61998 0.309988 -1.145497224 -1.145497224
1 5 0.976835 1.35057 0.606733 2.31201 2.31201 1.05636 0.288502 -0.3881162095 0.9824721040
2 5 1.09577 0.983553 0.838530 2.24727 2.24727 3.24331 0.397438 -3.222073767 0.3704713986
3 5 1.09577 0.983553 0.838530 2.24727 2.24727 3.24331 0.397438 -3.222073767 -0.3704713986
4 5 0.976835 1.35057 0.606733 2.31201 2.31201 1.05636 0.288502 -0.3881162095 -0.9824721040
2 7 1.09166 1.14088 0.772462 2.67406 2.67406 2.11743 0.596341 -1.735467160 1.213109594
3 7 1.08160 0.897385 0.851590 2.65817 2.65817 3.70071 0.722613 -3.698574379 0.1254315641
4 7 1.08160 0.897385 0.851590 2.65817 2.65817 3.70071 0.722613 -3.698574379 -0.1254315641
5 7 1.09166 1.14088 0.772462 2.67406 2.67406 2.11743 0.596341 -1.735467160 -1.213109594
3 8 1.10060 1.04519 0.822900 2.01023 2.01023 2.90954 0.287321 -2.838975441 0.6368543984
5 8 1.10060 1.04519 0.822900 2.01023 2.01023 2.90954 0.287321 -2.838975441 -0.6368543984
2 9 1.02638 1.29999 0.663103 3.07031 3.07031 1.31150 0.235302 -0.7004219197 1.108795779
4 9 1.07412 0.856302 0.856774 3.01416 3.01416 3.94140 0.941216 -3.940749427 0.07160785574
5 9 1.07412 0.856302 0.856774 3.01416 3.01416 3.94140 0.941216 -3.940749427 -0.07160785574
7 9 1.02638 1.29999 0.663103 3.07031 3.07031 1.31150 0.235302 -0.7004219197 -1.108795779
3 10 1.10035 1.12684 0.790452 2.25783 2.25783 2.27003 0.694848 -1.916266709 1.216929734
7 10 1.10035 1.12684 0.790452 2.25783 2.25783 2.27003 0.694848 -1.916266709 -1.216929734
3 11 1.08727 1.17266 0.754038 3.35723 3.35723 1.94382 0.491906 -1.538797991 1.187656911
4 11 1.09759 1.06494 0.813174 3.33623 3.33623 2.77832 0.315032 -2.672004816 0.7611879197
5 11 1.07086 0.838599 0.859079 3.33282 3.33282 4.05598 1.07907 -4.055459087 0.06482772145
6 11 1.07086 0.838599 0.859079 3.33282 3.33282 4.05598 1.07907 -4.055459087 -0.06482772145
7 11 1.09759 1.06494 0.813174 3.33623 3.33623 2.77832 0.315032 -2.672004816 -0.7611879197
8 11 1.08727 1.17266 0.754038 3.35723 3.35723 1.94382 0.491906 -1.538797991 -1.187656911
5 12 1.08776 0.933544 0.846480 2.46115 2.46115 3.50337 0.571225 -3.497097105 0.2094955097
7 12 1.08776 0.933544 0.846480 2.46115 2.46115 3.50337 0.571225 -3.497097105 -0.2094955097
3 13 1.04394 1.29046 0.679813 3.68013 3.68013 1.39733 0.235193 -0.8259302494 1.127095734
4 13 1.10821 1.12745 0.800322 3.63722 3.63722 2.33678 0.674235 -2.004838959 1.200471597
5 13 1.10036 1.02377 0.829853 3.62471 3.62471 3.03164 0.301645 -2.984288806 0.5336817314
6 13 1.06938 0.830494 0.860259 3.62406 3.62406 4.11316 1.17055 -4.112678890 0.06244303085
7 13 1.06938 0.830494 0.860259 3.62406 3.62406 4.11316 1.17055 -4.112678890 -0.06244303085
8 13 1.10036 1.02377 0.829853 3.62471 3.62471 3.03164 0.301645 -2.984288806 -0.5336817314
9 13 1.10821 1.12745 0.800322 3.63722 3.63722 2.33678 0.674235 -2.004838959 -1.200471597
10 13 1.04394 1.29046 0.679813 3.68013 3.68013 1.39733 0.235193 -0.8259302494 -1.127095734
3 14 1.01133 1.31236 0.646811 2.71561 2.71561 1.22917 0.246192 -0.5913848018 1.077551623
5 14 1.09292 1.07129 0.806197 2.66206 2.66206 2.71209 0.346145 -2.581126853 0.8325685893
9 14 1.09292 1.07129 0.806197 2.66206 2.66206 2.71209 0.346145 -2.581126853 -0.8325685893
11 14 1.01133 1.31236 0.646811 2.71561 2.71561 1.22917 0.246192 -0.5913848018 -1.077551623
4 15 1.08519 1.19182 0.744605 3.92371 3.92371 1.85716 0.441040 -1.438433761 1.174700423
7 15 1.06861 0.826189 0.860950 3.89409 3.89409 4.14547 1.23549 -4.145047569 0.05854313517
8 15 1.06861 0.826189 0.860950 3.89409 3.89409 4.14547 1.23549 -4.145047569 -0.05854313517
11 15 1.08519 1.19182 0.744605 3.92371 3.92371 1.85716 0.441040 -1.438433761 -1.174700423
5 16 1.11497 1.13042 0.807381 2.85239 2.85239 2.37544 0.643103 -2.059288818 1.184077983
7 16 1.07711 0.872628 0.854728 2.84167 2.84167 3.84267 0.844643 -3.841687082 0.08683671971
9 16 1.07711 0.872628 0.854728 2.84167 2.84167 3.84267 0.844643 -3.841687082 -0.08683671971
11 16 1.11497 1.13042 0.807381 2.85239 2.85239 2.37544 0.643103 -2.059288818 -1.184077983
4 17 1.05266 1.28406 0.688441 4.20319 4.20319 1.44479 0.242781 -0.8964865103 1.133013103
5 17 1.09604 1.12996 0.783241 4.16380 4.16380 2.21261 0.656386 -1.845597309 1.220411678
6 17 1.08792 1.07236 0.800602 4.14926 4.14926 2.67324 0.369991 -2.524867246 0.8781844968
7 17 1.09002 0.948457 0.844018 4.14304 4.14304 3.42367 0.514575 -3.414306355 0.2529249248
8 17 1.06815 0.823547 0.861398 4.14714 4.14714 4.16600 1.28412 -4.165648923 0.05395243720
9 17 1.06815 0.823547 0.861398 4.14714 4.14714 4.16600 1.28412 -4.165648923 -0.05395243720
10 17 1.09002 0.948457 0.844018 4.14304 4.14304 3.42367 0.514575 -3.414306355 -0.2529249248
11 17 1.08792 1.07236 0.800602 4.14926 4.14926 2.67324 0.369991 -2.524867246 -0.8781844968
12 17 1.09604 1.12996 0.783241 4.16380 4.16380 2.21261 0.656386 -1.845597309 -1.220411678
13 17 1.05266 1.28406 0.688441 4.20319 4.20319 1.44479 0.242781 -0.8964865103 -1.133013103
5 18 1.08878 1.15844 0.761432 3.03479 3.03479 2.01406 0.533718 -1.618780251 1.198317529
7 18 1.09981 1.01353 0.832735 3.01566 3.01566 3.08827 0.320048 -3.049435276 0.4881829070
11 18 1.09981 1.01353 0.832735 3.01566 3.01566 3.08827 0.320048 -3.049435276 -0.4881829070
13 18 1.08878 1.15844 0.761432 3.03479 3.03479 2.01406 0.533718 -1.618780251 -1.198317529
4 19 1.00568 1.32304 0.638997 4.48164 4.48164 1.18660 0.253948 -0.5398121608 1.056700455
5 19 1.08374 1.20376 0.738864 4.41837 4.41837 1.80633 0.411685 -1.378457780 1.167339046
6 19 1.12102 1.13408 0.813099 4.39508 4.39508 2.40087 0.621236 -2.096251735 1.170425980
7 19 1.09948 1.05768 0.817555 4.38397 4.38397 2.83145 0.298366 -2.741343133 0.7085851075
8 19 1.08556 0.920077 0.848503 4.37956 4.37956 3.57596 0.624985 -3.571690189 0.1746506750
9 19 1.06784 0.821758 0.861708 4.38619 4.38619 4.18014 1.32194 -4.179842269 0.04951343081
10 19 1.06784 0.821758 0.861708 4.38619 4.38619 4.18014 1.32194 -4.179842269 -0.04951343081
11 19 1.08556 0.920077 0.848503 4.37956 4.37956 3.57596 0.624985 -3.571690189 -0.1746506750
12 19 1.09948 1.05768 0.817555 4.38397 4.38397 2.83145 0.298366 -2.741343133 -0.7085851075
13 19 1.12102 1.13408 0.813099 4.39508 4.39508 2.40087 0.621236 -2.096251735 -1.170425980
14 19 1.08374 1.20376 0.738864 4.41837 4.41837 1.80633 0.411685 -1.378457780 -1.167339046
15 19 1.00568 1.32304 0.638997 4.48164 4.48164 1.18660 0.253948 -0.5398121608 -1.056700455
7 20 1.08296 1.07108 0.795786 3.18283 3.18283 2.64797 0.387924 -2.486873449 0.9094862374
9 20 1.07215 0.845634 0.858135 3.17742 3.17742 4.00916 1.01773 -4.008607112 0.06649336984
11 20 1.07215 0.845634 0.858135 3.17742 3.17742 4.00916 1.01773 -4.008607112 -0.06649336984
13 20 1.08296 1.07108 0.795786 3.18283 3.18283 2.64797 0.387924 -2.486873449 -0.9094862374
5 21 1.05769 1.27931 0.693713 4.66831 4.66831 1.47531 0.250518 -0.9415800068 1.135754283
8 21 1.10067 1.03226 0.827309 4.60733 4.60733 2.98420 0.291689 -2.928710249 0.5727919142
10 21 1.06761 0.820475 0.861932 4.61351 4.61351 4.19037 1.35220 -4.190116767 0.04553102767
11 21 1.06761 0.820475 0.861932 4.61351 4.61351 4.19037 1.35220 -4.190116767 -0.04553102767
13 21 1.10067 1.03226 0.827309 4.60733 4.60733 2.98420 0.291689 -2.928710249 -0.5727919142
16 21 1.05769 1.27931 0.693713 4.66831 4.66831 1.47531 0.250518 -0.9415800068 -1.135754283
5 22 1.03680 1.29455 0.673027 3.38876 3.38876 1.36183 0.233213 -0.7733125206 1.120956586
7 22 1.12662 1.13805 0.818073 3.34382 3.34382 2.41889 0.605087 -2.122987800 1.159275791
9 22 1.09108 0.956377 0.842545 3.33277 3.33277 3.38116 0.485425 -3.369687522 0.2782858411
13 22 1.09108 0.956377 0.842545 3.33277 3.33277 3.38116 0.485425 -3.369687522 -0.2782858411
15 22 1.12662 1.13805 0.818073 3.34382 3.34382 2.41889 0.605087 -2.122987800 -1.159275791
17 22 1.03680 1.29455 0.673027 3.38876 3.38876 1.36183 0.233213 -0.7733125206 -1.120956586
5 23 1.01689 1.30640 0.653320 4.91686 4.91686 1.26240 0.241084 -0.6336487031 1.091852929
6 23 1.08265 1.21180 0.735012 4.86309 4.86309 1.77314 0.392757 -1.338685398 1.162721366
7 23 1.10443 1.12659 0.795901 4.83910 4.83910 2.30865 0.695212 -1.966629667 1.209209820
8 23 1.07811 1.06866 0.791450 4.82765 4.82765 2.63027 0.401693 -2.459561434 0.9321155450
9 23 1.09948 1.00764 0.834371 4.82061 4.82061 3.12093 0.333472 -3.086466687 0.4624873614
10 23 1.07840 0.879778 0.853820 4.81828 4.81828 3.80079 0.807051 -3.799562511 0.09620666305
11 23 1.06745 0.819520 0.862100 4.83079 4.83079 4.19802 1.37692 -4.197809281 0.04204349656
12 23 1.06745 0.819520 0.862100 4.83079 4.83079 4.19802 1.37692 -4.197809281 -0.04204349656
13 23 1.07840 0.879778 0.853820 4.81828 4.81828 3.80079 0.807051 -3.799562511 -0.09620666305
14 23 1.09948 1.00764 0.834371 4.82061 4.82061 3.12093 0.333472 -3.086466687 -0.4624873614
15 23 1.07811 1.06866 0.791450 4.82765 4.82765 2.63027 0.401693 -2.459561434 -0.9321155450
16 23 1.10443 1.12659 0.795901 4.83910 4.83910 2.30865 0.695212 -1.966629667 -1.209209820
17 23 1.08265 1.21180 0.735012 4.86309 4.86309 1.77314 0.392757 -1.338685398 -1.162721366
18 23 1.01689 1.30640 0.653320 4.91686 4.91686 1.26240 0.241084 -0.6336487031 -1.091852929
5 24 1.00332 1.33174 0.634767 3.56526 3.56526 1.16065 0.259460 -0.5092161154 1.042978489
7 24 1.09465 1.13239 0.780232 3.49909 3.49909 2.18653 0.639566 -1.814786548 1.219598437
11 24 1.06999 0.833837 0.859756 3.48141 3.48141 4.08906 1.12907 -4.088552889 0.06378735994
13 24 1.06999 0.833837 0.859756 3.48141 3.48141 4.08906 1.12907 -4.088552889 -0.06378735994
17 24 1.09465 1.13239 0.780232 3.49909 3.49909 2.18653 0.639566 -1.814786548 -1.219598437
19 24 1.00332 1.33174 0.634767 3.56526 3.56526 1.16065 0.259460 -0.5092161154 -1.042978489
6 25 1.06092 1.27567 0.697274 5.09128 5.09128 1.49668 0.257153 -0.9728921723 1.137330462
7 25 1.08941 1.15278 0.764538 5.05666 5.05666 2.04406 0.551733 -1.652672541 1.202842099
8 25 1.13194 1.14218 0.822595 5.04073 5.04073 2.43233 0.592695 -2.143233152 1.150110598
9 25 1.09534 1.06909 0.809454 5.03021 5.03021 2.74034 0.331452 -2.620584314 0.8012199454
11 25 1.07597 0.866403 0.855510 5.02345 5.02345 3.87976 0.879398 -3.878925857 0.07998690804
12 25 1.06732 0.818790 0.862229 5.03940 5.03940 4.20391 1.39749 -4.203719322 0.03900250993
13 25 1.06732 0.818790 0.862229 5.03940 5.03940 4.20391 1.39749 -4.203719322 -0.03900250993
14 25 1.07597 0.866403 0.855510 5.02345 5.02345 3.87976 0.879398 -3.878925857 -0.07998690804
16 25 1.09534 1.06909 0.809454 5.03021 5.03021 2.74034 0.331452 -2.620584314 -0.8012199454
17 25 1.13194 1.14218 0.822595 5.04073 5.04073 2.43233 0.592695 -2.143233152 -1.150110598
18 25 1.08941 1.15278 0.764538 5.05666 5.05666 2.04406 0.551733 -1.652672541 -1.202842099
19 25 1.06092 1.27567 0.697274 5.09128 5.09128 1.49668 0.257153 -0.9728921723 -1.137330462
7 26 1.08612 1.18347 0.748671 3.65143 3.65143 1.89405 0.462586 -1.481419381 1.180177022
9 26 1.07338 1.06563 0.787433 3.62993 3.62993 2.61717 0.412532 -2.438993768 0.9491475816
11 26 1.08452 0.913899 0.849392 3.62259 3.62259 3.60964 0.650651 -3.606086438 0.1600175708
15 26 1.08452 0.913899 0.849392 3.62259 3.62259 3.60964 0.650651 -3.606086438 -0.1600175708
17 26 1.07338 1.06563 0.787433 3.62993 3.62993 2.61717 0.412532 -2.438993768 -0.9491475816
19 26 1.08612 1.18347 0.748671 3.65143 3.65143 1.89405 0.462586 -1.481419381 -1.180177022
7 27 1.08178 1.21753 0.732251 5.27051 5.27051 1.74983 0.379614 -1.310422307 1.159609417
8 27 1.09748 1.12838 0.785906 5.24643 5.24643 2.23469 0.670911 -1.872237412 1.220050183
10 27 1.09998 1.05425 0.819213 5.22573 5.22573 2.85402 0.293519 -2.770037085 0.6872399851
11 27 1.09163 0.961221 0.841535 5.22157 5.22157 3.35483 0.467773 -3.341852027 0.2947545623
13 27 1.06722 0.818218 0.862330 5.24044 5.24044 4.20852 1.41487 -4.208357634 0.03634324225
14 27 1.06722 0.818218 0.862330 5.24044 5.24044 4.20852 1.41487 -4.208357634 -0.03634324225
16 27 1.09163 0.961221 0.841535 5.22157 5.22157 3.35483 0.467773 -3.341852027 -0.2947545623
17 27 1.09998 1.05425 0.819213 5.22573 5.22573 2.85402 0.293519 -2.770037085 -0.6872399851
19 27 1.09748 1.12838 0.785906 5.24643 5.24643 2.23469 0.670911 -1.872237412 -1.220050183
20 27 1.08178 1.21753 0.732251 5.27051 5.27051 1.74983 0.379614 -1.310422307 -1.159609417
9 28 1.13707 1.14640 0.826824 3.77207 3.77207 2.44275 0.582895 -2.159101427 1.142487760
11 28 1.09930 1.00385 0.835460 3.76088 3.76088 3.14220 0.343173 -3.110385198 0.4459783618
13 28 1.06895 0.828049 0.860646 3.76143 3.76143 4.13133 1.20555 -4.130877194 0.06065519574
15 28 1.06895 0.828049 0.860646 3.76143 3.76143 4.13133 1.20555 -4.130877194 -0.06065519574
17 28 1.09930 1.00385 0.835460 3.76088 3.76088 3.14220 0.343173 -3.110385198 -0.4459783618
19 28 1.13707 1.14640 0.826824 3.77207 3.77207 2.44275 0.582895 -2.159101427 -1.142487760
6 29 1.00251 1.33896 0.632375 5.54627 5.54627 1.14327 0.263519 -0.4889197726 1.033442907
7 29 1.06315 1.27279 0.699842 5.48181 5.48181 1.51253 0.262658 -0.9959002876 1.138376742
8 29 1.08822 1.16362 0.758678 5.44890 5.44890 1.98771 0.517972 -1.588890532 1.194311920
9 29 1.11171 1.12880 0.804078 5.43151 5.43151 2.35834 0.657190 -2.034942664 1.191960688
10 29 1.06876 1.06227 0.783639 5.42221 5.42221 2.60708 0.421261 -2.422944086 0.9623845541
11 29 1.10073 1.03596 0.826134 5.41447 5.41447 2.96328 0.289029 -2.903870736 0.5903892904
12 29 1.08912 0.942328 0.845067 5.41107 5.41107 3.45640 0.537539 -3.448438322 0.2344334011
13 29 1.07272 0.848701 0.857737 5.41080 5.41080 3.98934 0.994136 -3.988762836 0.06758857226
14 29 1.06714 0.817763 0.862411 5.43480 5.43480 4.21221 1.42973 -4.212064456 0.03400555629
15 29 1.06714 0.817763 0.862411 5.43480 5.43480 4.21221 1.42973 -4.212064456 -0.03400555629
16 29 1.07272 0.848701 0.857737 5.41080 5.41080 3.98934 0.994136 -3.988762836 -0.06758857226
17 29 1.08912 0.942328 0.845067 5.41107 5.41107 3.45640 0.537539 -3.448438322 -0.2344334011
18 29 1.10073 1.03596 0.826134 5.41447 5.41447 2.96328 0.289029 -2.903870736 -0.5903892904
19 29 1.06876 1.06227 0.783639 5.42221 5.42221 2.60708 0.421261 -2.422944086 -0.9623845541
20 29 1.11171 1.12880 0.804078 5.43151 5.43151 2.35834 0.657190 -2.034942664 -1.191960688
21 29 1.08822 1.16362 0.758678 5.44890 5.44890 1.98771 0.517972 -1.588890532 -1.194311920
22 29 1.06315 1.27279 0.699842 5.48181 5.48181 1.51253 0.262658 -0.9959002876 -1.138376742
23 29 1.00251 1.33896 0.632375 5.54627 5.54627 1.14327 0.263519 -0.4889197726 -1.033442907
7 30 1.04897 1.28701 0.684721 3.95027 3.95027 1.42398 0.238765 -0.8655735113 1.130701271
11 30 1.09891 1.06055 0.816005 3.89548 3.89548 2.81157 0.303739 -2.715724787 0.7278457607
13 30 1.07911 0.883733 0.853308 3.89111 3.89111 3.77789 0.787130 -3.776506053 0.1020516529
17 30 1.07911 0.883733 0.853308 3.89111 3.89111 3.77789 0.787130 -3.776506053 -0.1020516529
19 30 1.09891 1.06055 0.816005 3.89548 3.89548 2.81157 0.303739 -2.715724787 -0.7278457607
23 30 1.04897 1.28701 0.684721 3.95027 3.95027 1.42398 0.238765 -0.8655735113 -1.130701271
7 31 1.03373 1.29609 0.670139 5.69147 5.69147 1.34716 0.233283 -0.7517674753 1.117887456
8 31 1.08108 1.22181 0.730179 5.64869 5.64869 1.73261 0.369990 -1.289324135 1.157394800
9 31 1.09399 1.13404 0.778581 5.62471 5.62471 2.17163 0.630107 -1.797461100 1.218648332
10 31 1.14207 1.15068 0.830853 5.61307 5.61307 2.45107 0.574955 -2.171877338 1.136068186
11 31 1.09043 1.07224 0.803274 5.60259 5.60259 2.69038 0.358932 -2.549997763 0.8576829711
12 31 1.10006 1.01786 0.831532 5.59703 5.59703 3.06435 0.311471 -3.022068292 0.5072548765
13 31 1.08642 0.925286 0.847737 5.59423 5.59423 3.54777 0.603860 -3.542802404 0.1876479835
14 31 1.07166 0.842965 0.858487 5.59458 5.59458 4.02668 1.03965 -4.026142521 0.06575072925
15 31 1.06708 0.817394 0.862476 5.62322 5.62322 4.21520 1.44258 -4.215073573 0.03193852529
16 31 1.06708 0.817394 0.862476 5.62322 5.62322 4.21520 1.44258 -4.215073573 -0.03193852529
17 31 1.07166 0.842965 0.858487 5.59458 5.59458 4.02668 1.03965 -4.026142521 -0.06575072925
18 31 1.08642 0.925286 0.847737 5.59423 5.59423 3.54777 0.603860 -3.542802404 -0.1876479835
19 31 1.10006 1.01786 0.831532 5.59703 5.59703 3.06435 0.311471 -3.022068292 -0.5072548765
20 31 1.09043 1.07224 0.803274 5.60259 5.60259 2.69038 0.358932 -2.549997763 -0.8576829711
21 31 1.14207 1.15068 0.830853 5.61307 5.61307 2.45107 0.574955 -2.171877338 -1.136068186
22 31 1.09399 1.13404 0.778581 5.62471 5.62471 2.17163 0.630107 -1.797461100 -1.218648332
23 31 1.08108 1.22181 0.730179 5.64869 5.64869 1.73261 0.369990 -1.289324135 -1.157394800
24 31 1.03373 1.29609 0.670139 5.69147 5.69147 1.34716 0.233283 -0.7517674753 -1.117887456
7 32 1.01953 1.30440 0.656146 4.09884 4.09884 1.27646 0.239175 -0.6522269472 1.097244311
9 32 1.08976 1.14977 0.766234 4.04475 4.04475 2.06061 0.561721 -1.671337687 1.205295034
11 32 1.06424 1.05870 0.780009 4.02799 4.02799 2.59905 0.428429 -2.410065793 0.9729436769
13 32 1.09192 0.964452 0.840780 4.01963 4.01963 3.33693 0.455972 -3.322842257 0.3062707723
15 32 1.06836 0.824728 0.861196 4.02253 4.02253 4.15677 1.26143 -4.156383064 0.05626630252
17 32 1.06836 0.824728 0.861196 4.02253 4.02253 4.15677 1.26143 -4.156383064 -0.05626630252
19 32 1.09192 0.964452 0.840780 4.01963 4.01963 3.33693 0.455972 -3.322842257 -0.3062707723
21 32 1.06424 1.05870 0.780009 4.02799 4.02799 2.59905 0.428429 -2.410065793 -0.9729436769
23 32 1.08976 1.14977 0.766234 4.04475 4.04475 2.06061 0.561721 -1.671337687 -1.205295034
25 32 1.01953 1.30440 0.656146 4.09884 4.09884 1.27646 0.239175 -0.6522269472 -1.097244311
7 33 1.00789 1.31796 0.642273 5.90218 5.90218 1.20498 0.250419 -0.5618035232 1.065988482
8 33 1.06477 1.27046 0.701783 5.84640 5.84640 1.52475 0.267221 -1.013517109 1.139139439
10 33 1.10310 1.12650 0.794223 5.79696 5.79696 2.29722 0.703302 -1.951472667 1.211999950
13 33 1.09922 1.00123 0.836259 5.77395 5.77395 3.15716 0.350406 -3.127118702 0.4344808452
14 33 1.08392 0.910368 0.849895 5.77166 5.77166 3.62903 0.665649 -3.625839513 0.1520379800
16 33 1.06703 0.817092 0.862530 5.80635 5.80635 4.21766 1.45380 -4.217549817 0.03010016263
17 33 1.06703 0.817092 0.862530 5.80635 5.80635 4.21766 1.45380 -4.217549817 -0.03010016263
19 33 1.08392 0.910368 0.849895 5.77166 5.77166 3.62903 0.665649 -3.625839513 -0.1520379800
20 33 1.09922 1.00123 0.836259 5.77395 5.77395 3.15716 0.350406 -3.127118702 -0.4344808452
23 33 1.10310 1.12650 0.794223 5.79696 5.79696 2.29722 0.703302 -1.951472667 -1.211999950
25 33 1.06477 1.27046 0.701783 5.84640 5.84640 1.52475 0.267221 -1.013517109 -1.139139439
26 33 1.00789 1.31796 0.642273 5.90218 5.90218 1.20498 0.250419 -0.5618035232 -1.065988482
7 34 1.00256 1.34518 0.631046 4.24863 4.24863 1.13082 0.266609 -0.4744641845 1.026468328
9 34 1.08441 1.19843 0.741422 4.17834 4.17834 1.82879 0.424602 -1.405075608 1.170556460
11 34 1.14698 1.15500 0.834741 4.15677 4.15677 2.45786 0.568396 -2.182386891 1.130597875
13 34 1.10057 1.02905 0.828294 4.14523 4.14523 3.00222 0.294843 -2.949935144 0.5578181484
15 34 1.07546 0.863604 0.855861 4.14247 4.14247 3.89664 0.895775 -3.895872199 0.07731930676
19 34 1.07546 0.863604 0.855861 4.14247 4.14247 3.89664 0.895775 -3.895872199 -0.07731930676
21 34 1.10057 1.02905 0.828294 4.14523 4.14523 3.00222 0.294843 -2.949935144 -0.5578181484
23 34 1.14698 1.15500 0.834741 4.15677 4.15677 2.45786 0.568396 -2.182386891 -1.130597875
25 34 1.08441 1.19843 0.741422 4.17834 4.17834 1.82879 0.424602 -1.405075608 -1.170556460
27 34 1.00256 1.34518 0.631046 4.24863 4.24863 1.13082 0.266609 -0.4744641845 -1.026468328
8 35 1.03949 1.29311 0.675561 6.04235 6.04235 1.37491 0.233579 -0.7926563921 1.123417052
9 35 1.08051 1.22510 0.728566 6.00316 6.00316 1.71938 0.362657 -1.272983130 1.155750530
11 35 1.11807 1.13220 0.810359 5.96563 5.96563 2.38935 0.631284 -2.079384042 1.176908220
12 35 1.05980 1.05502 0.776502 5.95816 5.95816 2.59250 0.434415 -2.399498834 0.9815498433
13 35 1.10019 1.05229 0.820087 5.94957 5.94957 2.86648 0.291418 -2.785704290 0.6756821134
16 35 1.07024 0.835233 0.859553 5.94540 5.94540 4.07922 1.11347 -4.078711867 0.06414581130
17 35 1.06698 0.816840 0.862575 5.98472 5.98472 4.21971 1.46369 -4.219612063 0.02845606727
18 35 1.06698 0.816840 0.862575 5.98472 5.98472 4.21971 1.46369 -4.219612063 -0.02845606727
19 35 1.07024 0.835233 0.859553 5.94540 5.94540 4.07922 1.11347 -4.078711867 -0.06414581130
22 35 1.10019 1.05229 0.820087 5.94957 5.94957 2.86648 0.291418 -2.785704290 -0.6756821134
23 35 1.05980 1.05502 0.776502 5.95816 5.95816 2.59250 0.434415 -2.399498834 -0.9815498433
24 35 1.11807 1.13220 0.810359 5.96563 5.96563 2.38935 0.631284 -2.079384042 -1.176908220
26 35 1.08051 1.22510 0.728566 6.00316 6.00316 1.71938 0.362657 -1.272983130 -1.155750530
27 35 1.03949 1.29311 0.675561 6.04235 6.04235 1.37491 0.233579 -0.7926563921 -1.123417052
11 36 1.10573 1.12680 0.797467 4.28054 4.28054 2.31894 0.687707 -1.980465860 1.206322043
13 36 1.09611 1.06797 0.810635 4.26810 4.26810 2.75171 0.326140 -2.636162672 0.7889949318
17 36 1.06798 0.822573 0.861566 4.26826 4.26826 4.17368 1.30414 -4.173352263 0.05168550866
19 36 1.06798 0.822573 0.861566 4.26826 4.26826 4.17368 1.30414 -4.173352263 -0.05168550866
23 36 1.09611 1.06797 0.810635 4.26810 4.26810 2.75171 0.326140 -2.636162672 -0.7889949318
25 36 1.10573 1.12680 0.797467 4.28054 4.28054 2.31894 0.687707 -1.980465860 -1.206322043
8 37 1.01471 1.30841 0.650865 6.23911 6.23911 1.25003 0.242894 -0.6176467587 1.086767171
9 37 1.06600 1.26855 0.703301 6.18962 6.18962 1.53448 0.271032 -1.027435840 1.139730691
10 37 1.08648 1.18018 0.750289 6.15926 6.15926 1.90892 0.471318 -1.498631838 1.182402903
11 37 1.09820 1.12783 0.787130 6.14109 6.14109 2.24449 0.677465 -1.884275966 1.219522632
12 37 1.15183 1.15936 0.838527 6.13270 6.13270 2.46352 0.562886 -2.191185494 1.125886230
13 37 1.08543 1.07192 0.798119 6.12184 6.12184 2.65938 0.379576 -2.504182332 0.8951885635
14 37 1.10075 1.03802 0.825456 6.11601 6.11601 2.95151 0.288017 -2.889797392 0.6004004676
15 37 1.09207 0.966737 0.840180 6.11269 6.11269 3.32398 0.447538 -3.309038275 0.3147634761
16 37 1.07955 0.886234 0.852978 6.11124 6.11124 3.76349 0.774805 -3.761996432 0.1059852619
17 37 1.06976 0.832596 0.859939 6.11342 6.11342 4.09791 1.14373 -4.097411750 0.06338923564
18 37 1.06695 0.816628 0.862613 6.15878 6.15878 4.22144 1.47246 -4.221347781 0.02697801955
19 37 1.06695 0.816628 0.862613 6.15878 6.15878 4.22144 1.47246 -4.221347781 -0.02697801955
20 37 1.06976 0.832596 0.859939 6.11342 6.11342 4.09791 1.14373 -4.097411750 -0.06338923564
21 37 1.07955 0.886234 0.852978 6.11124 6.11124 3.76349 0.774805 -3.761996432 -0.1059852619
22 37 1.09207 0.966737 0.840180 6.11269 6.11269 3.32398 0.447538 -3.309038275 -0.3147634761
23 37 1.10075 1.03802 0.825456 6.11601 6.11601 2.95151 0.288017 -2.889797392 -0.6004004676
24 37 1.08543 1.07192 0.798119 6.12184 6.12184 2.65938 0.379576 -2.504182332 -0.8951885635
25 37 1.15183 1.15936 0.838527 6.13270 6.13270 2.46352 0.562886 -2.191185494 -1.125886230
26 37 1.09820 1.12783 0.787130 6.14109 6.14109 2.24449 0.677465 -1.884275966 -1.219522632
27 37 1.08648 1.18018 0.750289 6.15926 6.15926 1.90892 0.471318 -1.498631838 -1.182402903
28 37 1.06600 1.26855 0.703301 6.18962 6.18962 1.53448 0.271032 -1.027435840 -1.139730691
29 37 1.01471 1.30841 0.650865 6.23911 6.23911 1.25003 0.242894 -0.6176467587 -1.086767171
9 38 1.05548 1.28152 0.691360 4.44182 4.44182 1.46153 0.246762 -0.9212682485 1.134600325
11 38 1.09362 1.13522 0.777545 4.40385 4.40385 2.16201 0.624043 -1.786349914 1.217879374
13 38 1.05543 1.05126 0.773093 4.39043 4.39043 2.58705 0.439485 -2.390668810 0.9886916466
15 38 1.09921 0.999342 0.836888 4.38113 4.38113 3.16826 0.355975 -3.139485823 0.4260160702
17 38 1.07303 0.850403 0.857518 4.37960 4.37960 3.97846 0.981655 -3.977870146 0.06832215591
21 38 1.07303 0.850403 0.857518 4.37960 4.37960 3.97846 0.981655 -3.977870146 -0.06832215591
23 38 1.09921 0.999342 0.836888 4.38113 4.38113 3.16826 0.355975 -3.139485823 -0.4260160702
25 38 1.05543 1.05126 0.773093 4.39043 4.39043 2.58705 0.439485 -2.390668810 -0.9886916466
27 38 1.09362 1.13522 0.777545 4.40385 4.40385 2.16201 0.624043 -1.786349914 -1.217879374
29 38 1.05548 1.28152 0.691360 4.44182 4.44182 1.46153 0.246762 -0.9212682485 -1.134600325
8 39 1.00315 1.35071 0.630387 6.43765 6.43765 1.12149 0.269030 -0.4636419414 1.021156516
10 39 1.08002 1.22772 0.727276 6.33790 6.33790 1.70890 0.356893 -1.259959034 1.154487844
11 39 1.08997 1.14790 0.767294 6.31430 6.31430 2.07109 0.568061 -1.683143439 1.206819578
14 39 1.09454 1.07000 0.808324 6.28298 6.28298 2.73003 0.336563 -2.606317131 0.8124913743
16 39 1.09064 0.952952 0.843202 6.27530 6.27530 3.39959 0.497969 -3.389078782 0.2671028773
17 39 1.07787 0.876800 0.854200 6.27422 6.27422 3.81815 0.822441 -3.817031704 0.09211393468
19 39 1.06692 0.816448 0.862645 6.32896 6.32896 4.22291 1.48029 -4.222822486 0.02564277397
20 39 1.06692 0.816448 0.862645 6.32896 6.32896 4.22291 1.48029 -4.222822486 -0.02564277397
22 39 1.07787 0.876800 0.854200 6.27422 6.27422 3.81815 0.822441 -3.817031704 -0.09211393468
23 39 1.09064 0.952952 0.843202 6.27530 6.27530 3.39959 0.497969 -3.389078782 -0.2671028773
25 39 1.09454 1.07000 0.808324 6.28298 6.28298 2.73003 0.336563 -2.606317131 -0.8124913743
28 39 1.08997 1.14790 0.767294 6.31430 6.31430 2.07109 0.568061 -1.683143439 -1.206819578
29 39 1.08002 1.22772 0.727276 6.33790 6.33790 1.70890 0.356893 -1.259959034 -1.154487844
31 39 1.00315 1.35071 0.630387 6.43765 6.43765 1.12149 0.269030 -0.4636419414 -1.021156516
9 40 1.03201 1.29689 0.668532 4.57269 4.57269 1.33913 0.233524 -0.7400530135 1.116052655
11 40 1.08796 1.16604 0.757417 4.52555 4.52555 1.97572 0.510836 -1.575254087 1.192490616
13 40 1.15662 1.16375 0.842238 4.50912 4.50912 2.46831 0.558195 -2.198660488 1.121788804
17 40 1.08354 0.908088 0.850219 4.49321 4.49321 3.64162 0.675479 -3.638649700 0.1470318375
19 40 1.06772 0.821067 0.861829 4.50120 4.50120 4.18564 1.33787 -4.185368781 0.04745933649
21 40 1.06772 0.821067 0.861829 4.50120 4.50120 4.18564 1.33787 -4.185368781 -0.04745933649
23 40 1.08354 0.908088 0.850219 4.49321 4.49321 3.64162 0.675479 -3.638649700 -0.1470318375
27 40 1.15662 1.16375 0.842238 4.50912 4.50912 2.46831 0.558195 -2.198660488 -1.121788804
29 40 1.08796 1.16604 0.757417 4.52555 4.52555 1.97572 0.510836 -1.575254087 -1.192490616
31 40 1.03201 1.29689 0.668532 4.57269 4.57269 1.33913 0.233524 -0.7400530135 -1.116052655
9 41 1.02105 1.30341 0.657728 6.55950 6.55950 1.28425 0.238195 -0.6627042393 1.100045563
10 41 1.06696 1.26695 0.704522 6.51486 6.51486 1.54240 0.274249 -1.038708214 1.140208454
11 41 1.08579 1.18648 0.747196 6.48545 6.48545 1.88059 0.454702 -1.465778872 1.178169562
12 41 1.09519 1.13129 0.781480 6.46717 6.46717 2.19751 0.646606 -1.827679117 1.220085326
13 41 1.12386 1.13604 0.815656 6.45590 6.45590 2.41059 0.612594 -2.110612491 1.164571040
14 41 1.05113 1.04745 0.769763 6.45021 6.45021 2.58244 0.443834 -2.383177595 0.9947092354
15 41 1.09860 1.06181 0.815266 6.44049 6.44049 2.80252 0.306530 -2.703925754 0.7367840194
16 41 1.09962 1.01023 0.833648 6.43635 6.43635 3.10653 0.327322 -3.070185471 0.4737668076
17 41 1.08873 0.939766 0.845489 6.43386 6.43386 3.47008 0.547263 -3.462648562 0.2269751480
18 41 1.07641 0.868789 0.855211 6.43313 6.43313 3.86547 0.865823 -3.864583805 0.08246450937
19 41 1.06908 0.828786 0.860527 6.43662 6.43662 4.12579 1.19450 -4.125334499 0.06129510793
20 41 1.06689 0.816295 0.862672 6.49560 6.49560 4.22416 1.48732 -4.224086041 0.02443107819
21 41 1.06689 0.816295 0.862672 6.49560 6.49560 4.22416 1.48732 -4.224086041 -0.02443107819
22 41 1.06908 0.828786 0.860527 6.43662 6.43662 4.12579 1.19450 -4.125334499 -0.06129510793
23 41 1.07641 0.868789 0.855211 6.43313 6.43313 3.86547 0.865823 -3.864583805 -0.08246450937
24 41 1.08873 0.939766 0.845489 6.43386 6.43386 3.47008 0.547263 -3.462648562 -0.2269751480
25 41 1.09962 1.01023 0.833648 6.43635 6.43635 3.10653 0.327322 -3.070185471 -0.4737668076
26 41 1.09860 1.06181 0.815266 6.44049 6.44049 2.80252 0.306530 -2.703925754 -0.7367840194
27 41 1.05113 1.04745 0.769763 6.45021 6.45021 2.58244 0.443834 -2.383177595 -0.9947092354
28 41 1.12386 1.13604 0.815656 6.45590 6.45590 2.41059 0.612594 -2.110612491 -1.164571040
29 41 1.09519 1.13129 0.781480 6.46717 6.46717 2.19751 0.646606 -1.827679117 -1.220085326
30 41 1.08579 1.18648 0.747196 6.48545 6.48545 1.88059 0.454702 -1.465778872 -1.178169562
31 41 1.06696 1.26695 0.704522 6.51486 6.51486 1.54240 0.274249 -1.038708214 -1.140208454
32 41 1.02105 1.30341 0.657728 6.55950 6.55950 1.28425 0.238195 -0.6627042393 -1.100045563
11 42 1.08316 1.20815 0.736765 4.64604 4.64604 1.78815 0.401289 -1.356737645 1.164785911
13 42 1.11057 1.12831 0.802885 4.62226 4.62226 2.35173 0.662501 -2.025641447 1.194738002
17 42 1.09212 0.968418 0.839680 4.60517 4.60517 3.31417 0.441217 -3.298560142 0.3212801140
19 42 1.07144 0.841762 0.858648 4.60472 4.60472 4.03468 1.05003 -4.034140245 0.06546855317
23 42 1.07144 0.841762 0.858648 4.60472 4.60472 4.03468 1.05003 -4.034140245 -0.06546855317
25 42 1.09212 0.968418 0.839680 4.60517 4.60517 3.31417 0.441217 -3.298560142 -0.3212801140
29 42 1.11057 1.12831 0.802885 4.62226 4.62226 2.35173 0.662501 -2.025641447 -1.194738002
31 42 1.08316 1.20815 0.736765 4.64604 4.64604 1.78815 0.401289 -1.356737645 -1.164785911
9 43 1.00424 1.32761 0.636578 6.74585 6.74585 1.17221 0.256926 -0.5227900745 1.049170428
10 43 1.04747 1.28810 0.683243 6.68970 6.68970 1.41586 0.237488 -0.8534956922 1.129684240
11 43 1.07961 1.22984 0.726220 6.65588 6.65588 1.70041 0.352248 -1.249338298 1.153491290
12 43 1.08915 1.15510 0.763250 6.63247 6.63247 2.03158 0.544229 -1.638592351 1.200969207
13 43 1.10242 1.12651 0.793336 6.61761 6.61761 2.29101 0.707585 -1.943333036 1.213333890
14 43 1.16139 1.16817 0.845893 6.61214 6.61214 2.47241 0.554152 -2.205090311 1.118194747
15 43 1.08052 1.06997 0.793570 6.60051 6.60051 2.63840 0.395240 -2.472183062 0.9216528006
16 43 1.10030 1.05102 0.820628 6.59443 6.59443 2.87438 0.290299 -2.795571466 0.6684366321
17 43 1.09924 0.997922 0.837407 6.59081 6.59081 3.17683 0.360382 -3.148999950 0.4195252289
18 43 1.08680 0.927591 0.847392 6.58866 6.58866 3.53535 0.594650 -3.530038424 0.1935925564
19 43 1.07517 0.862017 0.856060 6.58825 6.58825 3.90628 0.905296 -3.905540288 0.07592345657
20 43 1.06883 0.827375 0.860755 6.59243 6.59243 4.13642 1.21603 -4.135977990 0.05997907099
21 43 1.06687 0.816162 0.862696 6.65901 6.65901 4.22525 1.49368 -4.225176939 0.02332689174
22 43 1.06687 0.816162 0.862696 6.65901 6.65901 4.22525 1.49368 -4.225176939 -0.02332689174
23 43 1.06883 0.827375 0.860755 6.59243 6.59243 4.13642 1.21603 -4.135977990 -0.05997907099
24 43 1.07517 0.862017 0.856060 6.58825 6.58825 3.90628 0.905296 -3.905540288 -0.07592345657
25 43 1.08680 0.927591 0.847392 6.58866 6.58866 3.53535 0.594650 -3.530038424 -0.1935925564
26 43 1.09924 0.997922 0.837407 6.59081 6.59081 3.17683 0.360382 -3.148999950 -0.4195252289
27 43 1.10030 1.05102 0.820628 6.59443 6.59443 2.87438 0.290299 -2.795571466 -0.6684366321
28 43 1.08052 1.06997 0.793570 6.60051 6.60051 2.63840 0.395240 -2.472183062 -0.9216528006
29 43 1.16139 1.16817 0.845893 6.61214 6.61214 2.47241 0.554152 -2.205090311 -1.118194747
30 43 1.10242 1.12651 0.793336 6.61761 6.61761 2.29101 0.707585 -1.943333036 -1.213333890
31 43 1.08915 1.15510 0.763250 6.63247 6.63247 2.03158 0.544229 -1.638592351 -1.200969207
32 43 1.07961 1.22984 0.726220 6.65588 6.65588 1.70041 0.352248 -1.249338298 -1.153491290
33 43 1.04747 1.28810 0.683243 6.68970 6.68970 1.41586 0.237488 -0.8534956922 -1.129684240
34 43 1.00424 1.32761 0.636578 6.74585 6.74585 1.17221 0.256926 -0.5227900745 -1.049170428
9 44 1.00411 1.35575 0.630178 4.83663 4.83663 1.11423 0.270976 -0.4552344482 1.016980724
13 44 1.09690 1.12893 0.784877 4.73615 4.73615 2.22628 0.665343 -1.862020054 1.220315899
15 44 1.04687 1.04361 0.766498 4.72550 4.72550 2.57849 0.447603 -2.376740507 0.9998460934
17 44 1.10015 1.01962 0.831038 4.71515 4.71515 3.05464 0.308316 -3.010893878 0.5150596682
19 44 1.07985 0.887954 0.852746 4.71238 4.71238 3.75362 0.766430 -3.752033060 0.1087991978
21 44 1.06752 0.819964 0.862022 4.72331 4.72331 4.19446 1.36515 -4.194227063 0.04372757527
23 44 1.06752 0.819964 0.862022 4.72331 4.72331 4.19446 1.36515 -4.194227063 -0.04372757527
25 44 1.07985 0.887954 0.852746 4.71238 4.71238 3.75362 0.766430 -3.752033060 -0.1087991978
27 44 1.10015 1.01962 0.831038 4.71515 4.71515 3.05464 0.308316 -3.010893878 -0.5150596682
29 44 1.04687 1.04361 0.766498 4.72550 4.72550 2.57849 0.447603 -2.376740507 -0.9998460934
31 44 1.09690 1.12893 0.784877 4.73615 4.73615 2.22628 0.665343 -1.862020054 -1.220315899
35 44 1.00411 1.35575 0.630178 4.83663 4.83663 1.11423 0.270976 -0.4552344482 -1.016980724
11 45 1.06774 1.26560 0.705524 6.82469 6.82469 1.54898 0.276993 -1.048022014 1.140605883
13 45 1.09340 1.13610 0.776841 6.77777 6.77777 2.15529 0.619825 -1.778616790 1.217278065
14 45 1.11282 1.12932 0.805222 6.76562 6.76562 2.36447 0.652204 -2.043610643 1.189255461
16 45 1.09126 1.07203 0.804217 6.74995 6.74995 2.69703 0.354873 -2.559612294 0.8498914108
17 45 1.10075 1.03933 0.825014 6.74498 6.74498 2.94397 0.287554 -2.880738720 0.6068619699
19 45 1.08496 0.916502 0.849020 6.73994 6.73994 3.59542 0.639753 -3.591574065 0.1660783266
22 45 1.06685 0.816047 0.862716 6.81948 6.81948 4.22619 1.49945 -4.226125278 0.02231676831
23 45 1.06685 0.816047 0.862716 6.81948 6.81948 4.22619 1.49945 -4.226125278 -0.02231676831
26 45 1.08496 0.916502 0.849020 6.73994 6.73994 3.59542 0.639753 -3.591574065 -0.1660783266
28 45 1.10075 1.03933 0.825014 6.74498 6.74498 2.94397 0.287554 -2.880738720 -0.6068619699
29 45 1.09126 1.07203 0.804217 6.74995 6.74995 2.69703 0.354873 -2.559612294 -0.8498914108
31 45 1.11282 1.12932 0.805222 6.76562 6.76562 2.36447 0.652204 -2.043610643 -1.189255461
32 45 1.09340 1.13610 0.776841 6.77777 6.77777 2.15529 0.619825 -1.778616790 -1.217278065
34 45 1.06774 1.26560 0.705524 6.82469 6.82469 1.54898 0.276993 -1.048022014 -1.140605883
11 46 1.05947 1.27738 0.695650 4.88436 4.88436 1.48685 0.253985 -0.9585313851 1.136633813
13 46 1.09010 1.14662 0.768013 4.84875 4.84875 2.07831 0.572441 -1.691281110 1.207853967
15 46 1.16613 1.17261 0.849506 4.83625 4.83625 2.47596 0.550632 -2.210680300 1.115017870
17 46 1.09979 1.05570 0.818536 4.82325 4.82325 2.84463 0.295371 -2.758157854 0.6960484393
19 46 1.08946 0.944602 0.844685 4.81894 4.81894 3.44426 0.528971 -3.435799632 0.2411863751
21 46 1.07038 0.835997 0.859443 4.81951 4.81951 4.07389 1.10529 -4.073377095 0.06431535280
25 46 1.07038 0.835997 0.859443 4.81951 4.81951 4.07389 1.10529 -4.073377095 -0.06431535280
27 46 1.08946 0.944602 0.844685 4.81894 4.81894 3.44426 0.528971 -3.435799632 -0.2411863751
29 46 1.09979 1.05570 0.818536 4.82325 4.82325 2.84463 0.295371 -2.758157854 -0.6960484393
31 46 1.16613 1.17261 0.849506 4.83625 4.83625 2.47596 0.550632 -2.210680300 -1.115017870
33 46 1.09010 1.14662 0.768013 4.84875 4.84875 2.07831 0.572441 -1.691281110 -1.207853967
35 46 1.05947 1.27738 0.695650 4.88436 4.88436 1.48685 0.253985 -0.9585313851 -1.136633813
10 47 1.00887 1.31615 0.643618 7.04181 7.04181 1.21227 0.249096 -0.5706413094 1.069563256
11 47 1.05032 1.28597 0.686070 6.99112 6.99112 1.43146 0.240087 -0.8766942681 1.131579284
12 47 1.07925 1.23159 0.725342 6.95942 6.95942 1.69339 0.348429 -1.240513874 1.152686823
13 47 1.08843 1.16160 0.759740 6.93616 6.93616 1.99785 0.524023 -1.600407008 1.195853988
14 47 1.09863 1.12755 0.787834 6.92105 6.92105 2.25004 0.681200 -1.891141299 1.219114323
15 47 1.12931 1.14010 0.820379 6.91165 6.91165 2.42606 0.598508 -2.133763977 1.154475267
16 47 1.04265 1.03976 0.763287 6.90782 6.90782 2.57506 0.450901 -2.371148537 1.004280768
17 47 1.09649 1.06732 0.811246 6.89665 6.89665 2.75784 0.323415 -2.644498512 0.7824883983
18 47 1.10052 1.02760 0.828728 6.89234 6.89234 3.01032 0.296515 -2.959429009 0.5511365514
19 47 1.09211 0.969693 0.839250 6.88950 6.88950 3.30649 0.436305 -3.290335410 0.3264362264
20 47 1.08327 0.906496 0.850448 6.88793 6.88793 3.65046 0.682419 -3.647627356 0.1436036216
21 47 1.07323 0.851483 0.857380 6.88816 6.88816 3.97160 0.973936 -3.970997886 0.06883685869
22 47 1.06844 0.825179 0.861120 6.89384 6.89384 4.15326 1.25318 -4.152865741 0.05703474909
23 47 1.06683 0.815946 0.862735 6.97726 6.97726 4.22701 1.50471 -4.226954872 0.02138936772
24 47 1.06683 0.815946 0.862735 6.97726 6.97726 4.22701 1.50471 -4.226954872 -0.02138936772
25 47 1.06844 0.825179 0.861120 6.89384 6.89384 4.15326 1.25318 -4.152865741 -0.05703474909
26 47 1.07323 0.851483 0.857380 6.88816 6.88816 3.97160 0.973936 -3.970997886 -0.06883685869
27 47 1.08327 0.906496 0.850448 6.88793 6.88793 3.65046 0.682419 -3.647627356 -0.1436036216
28 47 1.09211 0.969693 0.839250 6.88950 6.88950 3.30649 0.436305 -3.290335410 -0.3264362264
29 47 1.10052 1.02760 0.828728 6.89234 6.89234 3.01032 0.296515 -2.959429009 -0.5511365514
30 47 1.09649 1.06732 0.811246 6.89665 6.89665 2.75784 0.323415 -2.644498512 -0.7824883983
31 47 1.04265 1.03976 0.763287 6.90782 6.90782 2.57506 0.450901 -2.371148537 -1.004280768
32 47 1.12931 1.14010 0.820379 6.91165 6.91165 2.42606 0.598508 -2.133763977 -1.154475267
33 47 1.09863 1.12755 0.787834 6.92105 6.92105 2.25004 0.681200 -1.891141299 -1.219114323
34 47 1.08843 1.16160 0.759740 6.93616 6.93616 1.99785 0.524023 -1.600407008 -1.195853988
35 47 1.07925 1.23159 0.725342 6.95942 6.95942 1.69339 0.348429 -1.240513874 -1.152686823
36 47 1.05032 1.28597 0.686070 6.99112 6.99112 1.43146 0.240087 -0.8766942681 -1.131579284
37 47 1.00887 1.31615 0.643618 7.04181 7.04181 1.21227 0.249096 -0.5706413094 -1.069563256
11 48 1.04071 1.29242 0.676716 5.00265 5.00265 1.38095 0.233889 -0.8016023051 1.124471012
13 48 1.08667 1.17843 0.751158 4.96021 4.96021 1.91695 0.476043 -1.507901934 1.183608330
17 48 1.08959 1.07236 0.802359 4.92977 4.92977 2.68423 0.362798 -2.541043576 0.8649660193
19 48 1.09932 0.996832 0.837851 4.92387 4.92387 3.18364 0.363952 -3.156546969 0.4143906674
23 48 1.06738 0.819132 0.862169 4.93611 4.93611 4.20115 1.38766 -4.200950176 0.04047122788
25 48 1.06738 0.819132 0.862169 4.93611 4.93611 4.20115 1.38766 -4.200950176 -0.04047122788
29 48 1.09932 0.996832 0.837851 4.92387 4.92387 3.18364 0.363952 -3.156546969 -0.4143906674
31 48 1.08959 1.07236 0.802359 4.92977 4.92977 2.68423 0.362798 -2.541043576 -0.8649660193
35 48 1.08667 1.17843 0.751158 4.96021 4.96021 1.91695 0.476043 -1.507901934 -1.183608330
37 48 1.04071 1.29242 0.676716 5.00265 5.00265 1.38095 0.233889 -0.8016023051 -1.124471012
10 49 1.00531 1.36043 0.630285 7.22008 7.22008 1.10842 0.272571 -0.4485137243 1.013613835
11 49 1.03091 1.29738 0.667504 7.15858 7.15858 1.33405 0.233744 -0.7326913344 1.114833086
12 49 1.06837 1.26444 0.706362 7.12111 7.12111 1.55453 0.279356 -1.055845928 1.140943554
13 49 1.08466 1.19639 0.742403 7.09313 7.09313 1.83748 0.429627 -1.415330691 1.171818495
15 49 1.10636 1.12694 0.798212 7.06225 7.06225 2.32372 0.684157 -1.986944342 1.204860658
16 49 1.17085 1.17707 0.853088 7.05966 7.05966 2.47907 0.547541 -2.215585229 1.112190306
17 49 1.07573 1.06720 0.789409 7.04688 7.04688 2.62327 0.407420 -2.448600995 0.9411976719
18 49 1.09915 1.05947 0.816613 7.04050 7.04050 2.81923 0.301547 -2.725633697 0.7203725088
19 49 1.09997 1.01627 0.831974 7.03670 7.03670 3.07311 0.314481 -3.032112405 0.5002479720
20 49 1.09139 0.959063 0.841999 7.03416 7.03416 3.36661 0.475629 -3.354323185 0.2873167802
22 49 1.07248 0.847422 0.857903 7.03340 7.03340 3.99757 1.00378 -3.996998506 0.06709789079
23 49 1.06828 0.824307 0.861268 7.03987 7.03987 4.16005 1.26932 -4.159672480 0.05549411882
24 49 1.06681 0.815857 0.862750 7.13256 7.13256 4.22774 1.50952 -4.227684758 0.02053506958
25 49 1.06681 0.815857 0.862750 7.13256 7.13256 4.22774 1.50952 -4.227684758 -0.02053506958
26 49 1.06828 0.824307 0.861268 7.03987 7.03987 4.16005 1.26932 -4.159672480 -0.05549411882
27 49 1.07248 0.847422 0.857903 7.03340 7.03340 3.99757 1.00378 -3.996998506 -0.06709789079
29 49 1.09139 0.959063 0.841999 7.03416 7.03416 3.36661 0.475629 -3.354323185 -0.2873167802
30 49 1.09997 1.01627 0.831974 7.03670 7.03670 3.07311 0.314481 -3.032112405 -0.5002479720
31 49 1.09915 1.05947 0.816613 7.04050 7.04050 2.81923 0.301547 -2.725633697 -0.7203725088
32 49 1.07573 1.06720 0.789409 7.04688 7.04688 2.62327 0.407420 -2.448600995 -0.9411976719
33 49 1.17085 1.17707 0.853088 7.05966 7.05966 2.47907 0.547541 -2.215585229 -1.112190306
34 49 1.10636 1.12694 0.798212 7.06225 7.06225 2.32372 0.684157 -1.986944342 -1.204860658
36 49 1.08466 1.19639 0.742403 7.09313 7.09313 1.83748 0.429627 -1.415330691 -1.171818495
37 49 1.06837 1.26444 0.706362 7.12111 7.12111 1.55453 0.279356 -1.055845928 -1.140943554
38 49 1.03091 1.29738 0.667504 7.15858 7.15858 1.33405 0.233744 -0.7326913344 -1.114833086
39 49 1.00531 1.36043 0.630285 7.22008 7.22008 1.10842 0.272571 -0.4485137243 -1.013613835
11 50 1.02206 1.30283 0.658744 5.12120 5.12120 1.28920 0.237603 -0.6694359478 1.101756933
13 50 1.08219 1.21489 0.733526 5.07089 5.07089 1.76054 0.385638 -1.323449562 1.161024368
17 50 1.03848 1.03590 0.760123 5.03872 5.03872 2.57206 0.453810 -2.366244711 1.008146980
19 50 1.10071 1.03441 0.826631 5.02713 5.02713 2.97204 0.290010 -2.914296978 0.5829923085
21 50 1.08609 0.923305 0.848031 5.02374 5.02374 3.55848 0.611843 -3.553780945 0.1826334193
23 50 1.06966 0.832027 0.860025 5.02531 5.02531 4.10201 1.15073 -4.101513819 0.06317213646
27 50 1.06966 0.832027 0.860025 5.02531 5.02531 4.10201 1.15073 -4.101513819 -0.06317213646
29 50 1.08609 0.923305 0.848031 5.02374 5.02374 3.55848 0.611843 -3.553780945 -0.1826334193
31 50 1.10071 1.03441 0.826631 5.02713 5.02713 2.97204 0.290010 -2.914296978 -0.5829923085
33 50 1.03848 1.03590 0.760123 5.03872 5.03872 2.57206 0.453810 -2.366244711 -1.008146980
37 50 1.08219 1.21489 0.733526 5.07089 5.07089 1.76054 0.385638 -1.323449562 -1.161024368
39 50 1.02206 1.30283 0.658744 5.12120 5.12120 1.28920 0.237603 -0.6694359478 -1.101756933
11 51 1.01375 1.30941 0.649753 7.32653 7.32653 1.24437 0.243758 -0.6104392925 1.084343622
13 51 1.07894 1.23307 0.724598 7.25032 7.25032 1.68749 0.345235 -1.233066831 1.152025037
14 51 1.08781 1.16744 0.756694 7.22718 7.22718 1.96888 0.506766 -1.567451522 1.191451400
16 51 1.11705 1.13159 0.809397 7.20146 7.20146 2.38501 0.635006 -2.073087264 1.179219357
19 51 1.10037 1.05014 0.820995 7.18161 7.18161 2.87983 0.289624 -2.802355504 0.6634697695
20 51 1.09937 1.00556 0.834962 7.17821 7.17821 3.13258 0.338697 -3.099586053 0.4534221906
22 51 1.08006 0.889208 0.852574 7.17488 7.17488 3.74642 0.760369 -3.744771425 0.1109074646
23 51 1.07185 0.843989 0.858352 7.17573 7.17573 4.01993 1.03107 -4.019385255 0.06601489573
25 51 1.06680 0.815779 0.862764 7.28560 7.28560 4.22838 1.51395 -4.228330304 0.01974566618
26 51 1.06680 0.815779 0.862764 7.28560 7.28560 4.22838 1.51395 -4.228330304 -0.01974566618
28 51 1.07185 0.843989 0.858352 7.17573 7.17573 4.01993 1.03107 -4.019385255 -0.06601489573
29 51 1.08006 0.889208 0.852574 7.17488 7.17488 3.74642 0.760369 -3.744771425 -0.1109074646
31 51 1.09937 1.00556 0.834962 7.17821 7.17821 3.13258 0.338697 -3.099586053 -0.4534221906
32 51 1.10037 1.05014 0.820995 7.18161 7.18161 2.87983 0.289624 -2.802355504 -0.6634697695
35 51 1.11705 1.13159 0.809397 7.20146 7.20146 2.38501 0.635006 -2.073087264 -1.179219357
37 51 1.08781 1.16744 0.756694 7.22718 7.22718 1.96888 0.506766 -1.567451522 -1.191451400
38 51 1.07894 1.23307 0.724598 7.25032 7.25032 1.68749 0.345235 -1.233066831 -1.152025037
40 51 1.01375 1.30941 0.649753 7.32653 7.32653 1.24437 0.243758 -0.6104392925 -1.084343622
11 52 1.00705 1.31971 0.641065 5.24025 5.24025 1.19831 0.251665 -0.5537910596 1.062666559
15 52 1.09326 1.13679 0.776335 5.15212 5.15212 2.15032 0.616721 -1.772924209 1.216803341
17 52 1.17556 1.18155 0.856646 5.14303 5.14303 2.48182 0.544805 -2.219923989 1.109657972
19 52 1.09841 1.06250 0.814833 5.12885 5.12885 2.79733 0.308223 -2.697140939 0.7419435878
21 52 1.09206 0.970680 0.838869 5.12423 5.12423 3.30031 0.432380 -3.283707831 0.3306165017
23 52 1.07499 0.860997 0.856188 5.12300 5.12300 3.91251 0.911520 -3.911785502 0.07507035102
25 52 1.06727 0.818487 0.862282 5.14081 5.14081 4.20635 1.40653 -4.206173105 0.03762912175
27 52 1.06727 0.818487 0.862282 5.14081 5.14081 4.20635 1.40653 -4.206173105 -0.03762912175
29 52 1.07499 0.860997 0.856188 5.12300 5.12300 3.91251 0.911520 -3.911785502 -0.07507035102
31 52 1.09206 0.970680 0.838869 5.12423 5.12423 3.30031 0.432380 -3.283707831 -0.3306165017
33 52 1.09841 1.06250 0.814833 5.12885 5.12885 2.79733 0.308223 -2.697140939 -0.7419435878
35 52 1.17556 1.18155 0.856646 5.14303 5.14303 2.48182 0.544805 -2.219923989 -1.109657972
37 52 1.09326 1.13679 0.776335 5.15212 5.15212 2.15032 0.616721 -1.772924209 -1.216803341
41 52 1.00705 1.31971 0.641065 5.24025 5.24025 1.19831 0.251665 -0.5537910596 -1.062666559
11 53 1.00277 1.33550 0.633403 7.49551 7.49551 1.15118 0.261635 -0.4981363267 1.037812084
12 53 1.03501 1.29546 0.671342 7.44043 7.44043 1.35324 0.233194 -0.7606722772 1.119201380
13 53 1.06889 1.26343 0.707073 7.40576 7.40576 1.55928 0.281412 -1.062510320 1.141235089
14 53 1.08418 1.20033 0.740509 7.37828 7.37828 1.82074 0.419964 -1.395561251 1.169396247
15 53 1.09018 1.14568 0.768528 7.36011 7.36011 2.08358 0.575647 -1.697229411 1.208599872
16 53 1.10201 1.12653 0.792787 7.34716 7.34716 2.28712 0.706764 -1.938251847 1.214107666
17 53 1.13453 1.14428 0.824739 7.33933 7.33933 2.43785 0.587524 -2.151620286 1.146129844
18 53 1.03435 1.03203 0.757000 7.33750 7.33750 2.56941 0.456395 -2.361908812 1.011546759
19 53 1.09414 1.07038 0.807777 7.32453 7.32453 2.72523 0.339040 -2.599626539 0.8178020166
20 53 1.10074 1.04024 0.824704 7.32010 7.32010 2.93872 0.287319 -2.874420205 0.6113776006
21 53 1.09941 0.995980 0.838242 7.31704 7.31704 3.18918 0.366900 -3.162680159 0.4102279005
22 53 1.08851 0.938361 0.845717 7.31502 7.31502 3.47760 0.552632 -3.470436095 0.2229488156
23 53 1.07880 0.882006 0.853532 7.31418 7.31418 3.78787 0.795762 -3.786557030 0.09944205912
24 53 1.07131 0.841078 0.858740 7.31535 7.31535 4.03925 1.05609 -4.038712712 0.06531983171
25 53 1.06803 0.822878 0.861514 7.32355 7.32355 4.17127 1.29774 -4.170934065 0.05243236331
26 53 1.06679 0.815709 0.862777 7.43656 7.43656 4.22895 1.51803 -4.228904027 0.01901411713
27 53 1.06679 0.815709 0.862777 7.43656 7.43656 4.22895 1.51803 -4.228904027 -0.01901411713
28 53 1.06803 0.822878 0.861514 7.32355 7.32355 4.17127 1.29774 -4.170934065 -0.05243236331
29 53 1.07131 0.841078 0.858740 7.31535 7.31535 4.03925 1.05609 -4.038712712 -0.06531983171
30 53 1.07880 0.882006 0.853532 7.31418 7.31418 3.78787 0.795762 -3.786557030 -0.09944205912
31 53 1.08851 0.938361 0.845717 7.31502 7.31502 3.47760 0.552632 -3.470436095 -0.2229488156
32 53 1.09941 0.995980 0.838242 7.31704 7.31704 3.18918 0.366900 -3.162680159 -0.4102279005
33 53 1.10074 1.04024 0.824704 7.32010 7.32010 2.93872 0.287319 -2.874420205 -0.6113776006
34 53 1.09414 1.07038 0.807777 7.32453 7.32453 2.72523 0.339040 -2.599626539 -0.8178020166
35 53 1.03435 1.03203 0.757000 7.33750 7.33750 2.56941 0.456395 -2.361908812 -1.011546759
36 53 1.13453 1.14428 0.824739 7.33933 7.33933 2.43785 0.587524 -2.151620286 -1.146129844
37 53 1.10201 1.12653 0.792787 7.34716 7.34716 2.28712 0.706764 -1.938251847 -1.214107666
38 53 1.09018 1.14568 0.768528 7.36011 7.36011 2.08358 0.575647 -1.697229411 -1.208599872
39 53 1.08418 1.20033 0.740509 7.37828 7.37828 1.82074 0.419964 -1.395561251 -1.169396247
40 53 1.06889 1.26343 0.707073 7.40576 7.40576 1.55928 0.281412 -1.062510320 -1.141235089
41 53 1.03501 1.29546 0.671342 7.44043 7.44043 1.35324 0.233194 -0.7606722772 -1.119201380
42 53 1.00277 1.33550 0.633403 7.49551 7.49551 1.15118 0.261635 -0.4981363267 -1.037812084
11 54 1.00670 1.36485 0.630624 5.36070 5.36070 1.10367 0.273902 -0.4430179295 1.010842650
13 54 1.06213 1.27415 0.698654 5.29014 5.29014 1.50515 0.260036 -0.9852134598 1.137899718
17 54 1.11906 1.13282 0.811296 5.23953 5.23953 2.39342 0.627758 -2.085324624 1.174673717
19 54 1.08626 1.07212 0.798928 5.22940 5.22940 2.66369 0.376529 -2.510657072 0.8898550544
23 54 1.08308 0.905323 0.850618 5.22061 5.22061 3.65700 0.687578 -3.654267457 0.1411109461
25 54 1.06915 0.829182 0.860464 5.22320 5.22320 4.12284 1.18876 -4.122379483 0.06159958149
29 54 1.06915 0.829182 0.860464 5.22320 5.22320 4.12284 1.18876 -4.122379483 -0.06159958149
31 54 1.08308 0.905323 0.850618 5.22061 5.22061 3.65700 0.687578 -3.654267457 -0.1411109461
35 54 1.08626 1.07212 0.798928 5.22940 5.22940 2.66369 0.376529 -2.510657072 -0.8898550544
37 54 1.11906 1.13282 0.811296 5.23953 5.23953 2.39342 0.627758 -2.085324624 -1.174673717
41 54 1.06213 1.27415 0.698654 5.29014 5.29014 1.50515 0.260036 -0.9852134598 -1.137899718
43 54 1.00670 1.36485 0.630624 5.36070 5.36070 1.10367 0.273902 -0.4430179295 -1.010842650
12 55 1.01841 1.30520 0.654965 7.60107 7.60107 1.27061 0.239949 -0.6444445999 1.095052642
13 55 1.05462 1.28233 0.690460 7.55818 7.55818 1.45632 0.245454 -0.9135722884 1.134130144
14 55 1.07867 1.23432 0.723962 7.53006 7.53006 1.68247 0.342526 -1.226698843 1.151471844
16 55 1.09426 1.13329 0.779301 7.49163 7.49163 2.17818 0.634256 -1.805060778 1.219104421
17 55 1.10999 1.12808 0.802267 7.48063 7.48063 2.34822 0.665289 -2.020731266 1.196151314
18 55 1.18027 1.18606 0.860186 7.48106 7.48106 2.48426 0.542365 -2.223789426 1.107377288
19 55 1.07106 1.06398 0.785513 7.46677 7.46677 2.61182 0.417121 -2.430503044 0.9561589132
21 55 1.10061 1.03028 0.827920 7.45609 7.45609 2.99532 0.293543 -2.941827222 0.5635319678
23 55 1.08701 0.928890 0.847196 7.45153 7.45153 3.52835 0.589493 -3.522846250 0.1969959913
24 55 1.07764 0.875573 0.854356 7.45091 7.45091 3.82534 0.828891 -3.824262060 0.09050554508
26 55 1.06793 0.822286 0.861616 7.46152 7.46152 4.17595 1.31031 -4.175636439 0.05094939434
27 55 1.06678 0.815647 0.862788 7.58561 7.58561 4.22946 1.52180 -4.229416203 0.01833435229
28 55 1.06678 0.815647 0.862788 7.58561 7.58561 4.22946 1.52180 -4.229416203 -0.01833435229
29 55 1.06793 0.822286 0.861616 7.46152 7.46152 4.17595 1.31031 -4.175636439 -0.05094939434
31 55 1.07764 0.875573 0.854356 7.45091 7.45091 3.82534 0.828891 -3.824262060 -0.09050554508
32 55 1.08701 0.928890 0.847196 7.45153 7.45153 3.52835 0.589493 -3.522846250 -0.1969959913
34 55 1.10061 1.03028 0.827920 7.45609 7.45609 2.99532 0.293543 -2.941827222 -0.5635319678
36 55 1.07106 1.06398 0.785513 7.46677 7.46677 2.61182 0.417121 -2.430503044 -0.9561589132
37 55 1.18027 1.18606 0.860186 7.48106 7.48106 2.48426 0.542365 -2.223789426 -1.107377288
38 55 1.10999 1.12808 0.802267 7.48063 7.48063 2.34822 0.665289 -2.020731266 -1.196151314
39 55 1.09426 1.13329 0.779301 7.49163 7.49163 2.17818 0.634256 -1.805060778 -1.219104421
41 55 1.07867 1.23432 0.723962 7.53006 7.53006 1.68247 0.342526 -1.226698843 -1.151471844
42 55 1.05462 1.28233 0.690460 7.55818 7.55818 1.45632 0.245454 -0.9135722884 -1.134130144
43 55 1.01841 1.30520 0.654965 7.60107 7.60107 1.27061 0.239949 -0.6444445999 -1.095052642
13 56 1.04666 1.28867 0.682450 5.39886 5.39886 1.41153 0.236874 -0.8470584920 1.129113935
15 56 1.08564 1.18790 0.746506 5.35987 5.35987 1.87432 0.451042 -1.458483218 1.177238611
17 56 1.10364 1.12652 0.794909 5.33955 5.33955 2.30194 0.699992 -1.957706738 1.210900264
19 56 1.03025 1.02817 0.753913 5.33399 5.33399 2.56705 0.458707 -2.358047184 1.014559240
23 56 1.09045 0.951594 0.843454 5.31715 5.31715 3.40688 0.502966 -3.396721958 0.2627625343
25 56 1.07336 0.852229 0.857284 5.31657 5.31657 3.96688 0.968690 -3.966269754 0.06921503217
27 56 1.06718 0.817978 0.862373 5.33840 5.33840 4.21046 1.42258 -4.210310905 0.03513760701
29 56 1.06718 0.817978 0.862373 5.33840 5.33840 4.21046 1.42258 -4.210310905 -0.03513760701
31 56 1.07336 0.852229 0.857284 5.31657 5.31657 3.96688 0.968690 -3.966269754 -0.06921503217
33 56 1.09045 0.951594 0.843454 5.31715 5.31715 3.40688 0.502966 -3.396721958 -0.2627625343
37 56 1.03025 1.02817 0.753913 5.33399 5.33399 2.56705 0.458707 -2.358047184 -1.014559240
39 56 1.10364 1.12652 0.794909 5.33955 5.33955 2.30194 0.699992 -1.957706738 -1.210900264
41 56 1.08564 1.18790 0.746506 5.35987 5.35987 1.87432 0.451042 -1.458483218 -1.177238611
43 56 1.04666 1.28867 0.682450 5.39886 5.39886 1.41153 0.236874 -0.8470584920 -1.129113935
13 57 1.03846 1.29368 0.674585 7.71214 7.71214 1.36985 0.233388 -0.7851617202 1.122494284
14 57 1.06934 1.26255 0.707684 7.67993 7.67993 1.56339 0.283213 -1.068254719 1.141489980
16 57 1.08961 1.15107 0.765496 7.63478 7.63478 2.05338 0.557354 -1.663187946 1.204229347
17 57 1.09891 1.12740 0.788291 7.62162 7.62162 2.25361 0.683613 -1.895579470 1.218807894
20 57 1.08460 1.07168 0.797326 7.59853 7.59853 2.65534 0.382485 -2.498080207 0.9002230972
22 57 1.10020 1.02057 0.830769 7.58971 7.58971 3.04937 0.306688 -3.004821109 0.5193053033
23 57 1.09198 0.971455 0.838525 7.58720 7.58720 3.29524 0.429173 -3.278253382 0.3340734343
25 57 1.07660 0.869853 0.855077 7.58520 7.58520 3.85913 0.859874 -3.858214864 0.08362931535
26 57 1.07047 0.836478 0.859375 7.58702 7.58702 4.07055 1.10025 -4.070031906 0.06441571863
28 57 1.06677 0.815592 0.862798 7.73290 7.73290 4.22992 1.52530 -4.229875334 0.01770111255
29 57 1.06677 0.815592 0.862798 7.73290 7.73290 4.22992 1.52530 -4.229875334 -0.01770111255
31 57 1.07047 0.836478 0.859375 7.58702 7.58702 4.07055 1.10025 -4.070031906 -0.06441571863
32 57 1.07660 0.869853 0.855077 7.58520 7.58520 3.85913 0.859874 -3.858214864 -0.08362931535
34 57 1.09198 0.971455 0.838525 7.58720 7.58720 3.29524 0.429173 -3.278253382 -0.3340734343
35 57 1.10020 1.02057 0.830769 7.58971 7.58971 3.04937 0.306688 -3.004821109 -0.5193053033
37 57 1.08460 1.07168 0.797326 7.59853 7.59853 2.65534 0.382485 -2.498080207 -0.9002230972
40 57 1.09891 1.12740 0.788291 7.62162 7.62162 2.25361 0.683613 -1.895579470 -1.218807894
41 57 1.08961 1.15107 0.765496 7.63478 7.63478 2.05338 0.557354 -1.663187946 -1.204229347
43 57 1.06934 1.26255 0.707684 7.67993 7.67993 1.56339 0.283213 -1.068254719 -1.141489980
44 57 1.03846 1.29368 0.674585 7.71214 7.71214 1.36985 0.233388 -0.7851617202 -1.122494284
13 58 1.03015 1.29771 0.666787 5.50780 5.50780 1.33056 0.233926 -0.7276364647 1.113964015
15 58 1.08142 1.21982 0.731146 5.46287 5.46287 1.74062 0.374455 -1.299158343 1.158414739
17 58 1.09543 1.13087 0.781997 5.43882 5.43882 2.20198 0.649491 -1.832964317 1.220225689
19 58 1.18497 1.19058 0.863713 5.43294 5.43294 2.48644 0.540177 -2.227255109 1.105312776
21 58 1.09672 1.06689 0.811620 5.41729 5.41729 2.76168 0.321761 -2.649689152 0.7784490407
23 58 1.09953 0.995306 0.838593 5.41245 5.41245 3.19378 0.369375 -3.167762984 0.4067851248
25 58 1.08022 0.890162 0.852440 5.41039 5.41039 3.74094 0.755781 -3.739244876 0.1125441939
27 58 1.06877 0.827060 0.860807 5.41405 5.41405 4.13881 1.22108 -4.138378658 0.05962938833
31 58 1.06877 0.827060 0.860807 5.41405 5.41405 4.13881 1.22108 -4.138378658 -0.05962938833
33 58 1.08022 0.890162 0.852440 5.41039 5.41039 3.74094 0.755781 -3.739244876 -0.1125441939
35 58 1.09953 0.995306 0.838593 5.41245 5.41245 3.19378 0.369375 -3.167762984 -0.4067851248
37 58 1.09672 1.06689 0.811620 5.41729 5.41729 2.76168 0.321761 -2.649689152 -0.7784490407
39 58 1.18497 1.19058 0.863713 5.43294 5.43294 2.48644 0.540177 -2.227255109 -1.105312776
41 58 1.09543 1.13087 0.781997 5.43882 5.43882 2.20198 0.649491 -1.832964317 -1.220225689
43 58 1.08142 1.21982 0.731146 5.46287 5.46287 1.74062 0.374455 -1.299158343 -1.158414739
45 58 1.03015 1.29771 0.666787 5.50780 5.50780 1.33056 0.233926 -0.7276364647 -1.113964015
12 59 1.00823 1.36906 0.631138 7.92589 7.92589 1.09971 0.275029 -0.4384398534 1.008522525
13 59 1.02277 1.30245 0.659455 7.86637 7.86637 1.29262 0.237209 -0.6741273482 1.102909682
14 59 1.05627 1.28075 0.692199 7.82639 7.82639 1.46641 0.248044 -0.9284719102 1.135023382
15 59 1.07843 1.23540 0.723410 7.79984 7.79984 1.67813 0.340200 -1.221191767 1.151003043
16 59 1.08678 1.17734 0.751701 7.77677 7.77677 1.92198 0.479005 -1.513695909 1.184363986
17 59 1.09317 1.13734 0.775958 7.76138 7.76138 2.14651 0.614342 -1.768558578 1.216421904
18 59 1.10522 1.12671 0.796853 7.75003 7.75003 2.31495 0.690643 -1.975077930 1.207484663
19 59 1.13959 1.14853 0.828859 7.74359 7.74359 2.44713 0.578727 -2.165816325 1.139145163
20 59 1.02618 1.02431 0.750858 7.74398 7.74398 2.56493 0.460787 -2.354585762 1.017246712
21 59 1.09168 1.07189 0.804700 7.72882 7.72882 2.70056 0.352769 -2.564689726 0.8457890169
22 59 1.10041 1.04949 0.821260 7.72429 7.72429 2.88382 0.289179 -2.807305919 0.6598527652
23 59 1.09968 1.01124 0.833368 7.72107 7.72107 3.10094 0.325032 -3.063848930 0.4781645823
24 59 1.09180 0.962986 0.841134 7.71878 7.71878 3.34510 0.461338 -3.331528425 0.3009823525
25 59 1.08419 0.911921 0.849674 7.71740 7.71740 3.62049 0.659021 -3.617140784 0.1555133448
26 59 1.07568 0.864779 0.855713 7.71719 7.71719 3.88953 0.888835 -3.888739516 0.07840778017
27 59 1.07014 0.834654 0.859636 7.71934 7.71934 4.08328 1.11983 -4.082775221 0.06400627118
28 59 1.06775 0.821285 0.861791 7.73044 7.73044 4.18390 1.33275 -4.183621183 0.04813021246
29 59 1.06676 0.815542 0.862807 7.87857 7.87857 4.23033 1.52855 -4.230288503 0.01710982046
30 59 1.06676 0.815542 0.862807 7.87857 7.87857 4.23033 1.52855 -4.230288503 -0.01710982046
31 59 1.06775 0.821285 0.861791 7.73044 7.73044 4.18390 1.33275 -4.183621183 -0.04813021246
32 59 1.07014 0.834654 0.859636 7.71934 7.71934 4.08328 1.11983 -4.082775221 -0.06400627118
33 59 1.07568 0.864779 0.855713 7.71719 7.71719 3.88953 0.888835 -3.888739516 -0.07840778017
34 59 1.08419 0.911921 0.849674 7.71740 7.71740 3.62049 0.659021 -3.617140784 -0.1555133448
35 59 1.09180 0.962986 0.841134 7.71878 7.71878 3.34510 0.461338 -3.331528425 -0.3009823525
36 59 1.09968 1.01124 0.833368 7.72107 7.72107 3.10094 0.325032 -3.063848930 -0.4781645823
37 59 1.10041 1.04949 0.821260 7.72429 7.72429 2.88382 0.289179 -2.807305919 -0.6598527652
38 59 1.09168 1.07189 0.804700 7.72882 7.72882 2.70056 0.352769 -2.564689726 -0.8457890169
39 59 1.02618 1.02431 0.750858 7.74398 7.74398 2.56493 0.460787 -2.354585762 -1.017246712
40 59 1.13959 1.14853 0.828859 7.74359 7.74359 2.44713 0.578727 -2.165816325 -1.139145163
41 59 1.10522 1.12671 0.796853 7.75003 7.75003 2.31495 0.690643 -1.975077930 -1.207484663
42 59 1.09317 1.13734 0.775958 7.76138 7.76138 2.14651 0.614342 -1.768558578 -1.216421904
43 59 1.08678 1.17734 0.751701 7.77677 7.77677 1.92198 0.479005 -1.513695909 -1.184363986
44 59 1.07843 1.23540 0.723410 7.79984 7.79984 1.67813 0.340200 -1.221191767 -1.151003043
45 59 1.05627 1.28075 0.692199 7.82639 7.82639 1.46641 0.248044 -0.9284719102 -1.135023382
46 59 1.02277 1.30245 0.659455 7.86637 7.86637 1.29262 0.237209 -0.6741273482 -1.102909682
47 59 1.00823 1.36906 0.631138 7.92589 7.92589 1.09971 0.275029 -0.4384398534 -1.008522525
13 60 1.01553 1.30761 0.651807 5.61702 5.61702 1.25480 0.242182 -0.6237762717 1.088763596
17 60 1.09023 1.14496 0.768912 5.53722 5.53722 2.08761 0.578095 -1.701766765 1.209162317
19 60 1.12292 1.13538 0.814821 5.52246 5.52246 2.40752 0.615337 -2.106068657 1.166457158
23 60 1.10049 1.02678 0.828973 5.50649 5.50649 3.01492 0.297534 -2.964811642 0.5473523862
29 60 1.06711 0.817569 0.862445 5.52971 5.52971 4.21378 1.43638 -4.213644631 0.03294102815
31 60 1.06711 0.817569 0.862445 5.52971 5.52971 4.21378 1.43638 -4.213644631 -0.03294102815
37 60 1.10049 1.02678 0.828973 5.50649 5.50649 3.01492 0.297534 -2.964811642 -0.5473523862
41 60 1.12292 1.13538 0.814821 5.52246 5.52246 2.40752 0.615337 -2.106068657 -1.166457158
43 60 1.09023 1.14496 0.768912 5.53722 5.53722 2.08761 0.578095 -1.701766765 -1.209162317
47 60 1.01553 1.30761 0.651807 5.61702 5.61702 1.25480 0.242182 -0.6237762717 -1.088763596
13 61 1.00941 1.31522 0.644349 8.02113 8.02113 1.21619 0.248403 -0.5754119032 1.071451863
14 61 1.04140 1.29201 0.677378 7.97472 7.97472 1.38442 0.234109 -0.8067574758 1.125055911
15 61 1.06972 1.26178 0.708214 7.94472 7.94472 1.56697 0.284805 -1.073257008 1.141715114
16 61 1.08335 1.20677 0.737421 7.91791 7.91791 1.79381 0.404520 -1.363518895 1.165575353
17 61 1.08904 1.15607 0.762717 7.89997 7.89997 2.02644 0.541137 -1.632776541 1.200192150
18 61 1.09665 1.12919 0.784421 7.88666 7.88666 2.22251 0.662861 -1.857468158 1.220382403
19 61 1.11337 1.12958 0.805777 7.87692 7.87692 2.36736 0.649825 -2.047727024 1.187931473
20 61 1.18968 1.19512 0.867232 7.88060 7.88060 2.48841 0.538204 -2.230380095 1.103435276
21 61 1.06649 1.06050 0.781806 7.86443 7.86443 2.60285 0.425013 -2.416170712 0.9679466189
22 61 1.09581 1.06844 0.810156 7.85725 7.85725 2.74702 0.328287 -2.629763148 0.7940065688
23 61 1.10074 1.04090 0.824473 7.85322 7.85322 2.93487 0.287192 -2.869762054 0.6147113742
24 61 1.09925 1.00243 0.835886 7.85027 7.85027 3.15028 0.347039 -3.119430835 0.4397572265
25 61 1.09080 0.954193 0.842968 7.84819 7.84819 3.39293 0.493415 -3.382074380 0.2711142050
26 61 1.08293 0.904424 0.850751 7.84699 7.84699 3.66203 0.691564 -3.659377299 0.1392177471
27 61 1.07486 0.860286 0.856278 7.84699 7.84699 3.91686 0.915906 -3.916150808 0.07449661200
28 61 1.06985 0.833075 0.859868 7.84948 7.84948 4.09448 1.13797 -4.093977389 0.06355400077
29 61 1.06768 0.820860 0.861865 7.86165 7.86165 4.18730 1.34281 -4.187030232 0.04680250593
30 61 1.06675 0.815496 0.862815 8.02276 8.02276 4.23070 1.53158 -4.230661647 0.01655647446
31 61 1.06675 0.815496 0.862815 8.02276 8.02276 4.23070 1.53158 -4.230661647 -0.01655647446
32 61 1.06768 0.820860 0.861865 7.86165 7.86165 4.18730 1.34281 -4.187030232 -0.04680250593
33 61 1.06985 0.833075 0.859868 7.84948 7.84948 4.09448 1.13797 -4.093977389 -0.06355400077
34 61 1.07486 0.860286 0.856278 7.84699 7.84699 3.91686 0.915906 -3.916150808 -0.07449661200
35 61 1.08293 0.904424 0.850751 7.84699 7.84699 3.66203 0.691564 -3.659377299 -0.1392177471
36 61 1.09080 0.954193 0.842968 7.84819 7.84819 3.39293 0.493415 -3.382074380 -0.2711142050
37 61 1.09925 1.00243 0.835886 7.85027 7.85027 3.15028 0.347039 -3.119430835 -0.4397572265
38 61 1.10074 1.04090 0.824473 7.85322 7.85322 2.93487 0.287192 -2.869762054 -0.6147113742
39 61 1.09581 1.06844 0.810156 7.85725 7.85725 2.74702 0.328287 -2.629763148 -0.7940065688
40 61 1.06649 1.06050 0.781806 7.86443 7.86443 2.60285 0.425013 -2.416170712 -0.9679466189
41 61 1.18968 1.19512 0.867232 7.88060 7.88060 2.48841 0.538204 -2.230380095 -1.103435276
42 61 1.11337 1.12958 0.805777 7.87692 7.87692 2.36736 0.649825 -2.047727024 -1.187931473
43 61 1.09665 1.12919 0.784421 7.88666 7.88666 2.22251 0.662861 -1.857468158 -1.220382403
44 61 1.08904 1.15607 0.762717 7.89997 7.89997 2.02644 0.541137 -1.632776541 -1.200192150
45 61 1.08335 1.20677 0.737421 7.91791 7.91791 1.79381 0.404520 -1.363518895 -1.165575353
46 61 1.06972 1.26178 0.708214 7.94472 7.94472 1.56697 0.284805 -1.073257008 -1.141715114
47 61 1.04140 1.29201 0.677378 7.97472 7.97472 1.38442 0.234109 -0.8067574758 -1.125055911
48 61 1.00941 1.31522 0.644349 8.02113 8.02113 1.21619 0.248403 -0.5754119032 -1.071451863
13 62 1.00465 1.32614 0.637307 5.72675 5.72675 1.17665 0.255987 -0.5280208561 1.051513397
15 62 1.06402 1.27157 0.700875 5.66702 5.66702 1.51901 0.265045 -1.005257084 1.138784710
17 62 1.08772 1.16835 0.756226 5.63485 5.63485 1.96445 0.504136 -1.562399500 1.190779801
19 62 1.10674 1.12703 0.798649 5.61714 5.61714 2.32648 0.682087 -1.990701804 1.203981675
21 62 1.02213 1.02045 0.747832 5.61419 5.61419 2.56303 0.462668 -2.351465187 1.019658847
23 62 1.10010 1.05315 0.819709 5.59936 5.59936 2.86104 0.292285 -2.778874133 0.6807126248
25 62 1.09188 0.972072 0.838209 5.59535 5.59535 3.29099 0.426503 -3.273685917 0.3369794935
27 62 1.07806 0.877898 0.854060 5.59382 5.59382 3.81173 0.816726 -3.810579973 0.09359149865
29 62 1.06848 0.825417 0.861080 5.59860 5.59860 4.15142 1.24891 -4.151014234 0.05741628772
33 62 1.06848 0.825417 0.861080 5.59860 5.59860 4.15142 1.24891 -4.151014234 -0.05741628772
35 62 1.07806 0.877898 0.854060 5.59382 5.59382 3.81173 0.816726 -3.810579973 -0.09359149865
37 62 1.09188 0.972072 0.838209 5.59535 5.59535 3.29099 0.426503 -3.273685917 -0.3369794935
39 62 1.10010 1.05315 0.819709 5.59936 5.59936 2.86104 0.292285 -2.778874133 -0.6807126248
41 62 1.02213 1.02045 0.747832 5.61419 5.61419 2.56303 0.462668 -2.351465187 -1.019658847
43 62 1.10674 1.12703 0.798649 5.61714 5.61714 2.32648 0.682087 -1.990701804 -1.203981675
45 62 1.08772 1.16835 0.756226 5.63485 5.63485 1.96445 0.504136 -1.562399500 -1.190779801
47 62 1.06402 1.27157 0.700875 5.66702 5.66702 1.51901 0.265045 -1.005257084 -1.138784710
49 62 1.00465 1.32614 0.637307 5.72675 5.72675 1.17665 0.255987 -0.5280208561 -1.051513397
13 63 1.00245 1.34217 0.631607 8.17694 8.17694 1.13657 0.265163 -0.4811320439 1.029703276
16 63 1.07822 1.23634 0.722928 8.06066 8.06066 1.67436 0.338182 -1.216382443 1.150601023
17 63 1.08633 1.18153 0.749623 8.03755 8.03755 1.90279 0.467715 -1.491543623 1.181484273
19 63 1.10174 1.12656 0.792413 8.01055 8.01055 2.28444 0.704882 -1.934777465 1.214610546
20 63 1.12479 1.13671 0.816476 8.00255 8.00255 2.41350 0.609977 -2.114936810 1.162747081
22 63 1.08133 1.07037 0.794297 7.98920 7.98920 2.64141 0.392905 -2.476826282 0.9178052067
23 63 1.09828 1.06295 0.814549 7.98377 7.98377 2.79398 0.309356 -2.692734477 0.7453023694
25 63 1.09966 0.994768 0.838915 7.97743 7.97743 3.19766 0.371480 -3.172044098 0.4038905588
26 63 1.08961 0.945645 0.844507 7.97553 7.97553 3.43869 0.525058 -3.429991179 0.2443272554
29 63 1.06960 0.831700 0.860074 7.97754 7.97754 4.10437 1.15484 -4.103878758 0.06303572353
31 63 1.06674 0.815455 0.862822 8.16559 8.16559 4.23104 1.53442 -4.230999776 0.01603756202
32 63 1.06674 0.815455 0.862822 8.16559 8.16559 4.23104 1.53442 -4.230999776 -0.01603756202
34 63 1.06960 0.831700 0.860074 7.97754 7.97754 4.10437 1.15484 -4.103878758 -0.06303572353
37 63 1.08961 0.945645 0.844507 7.97553 7.97553 3.43869 0.525058 -3.429991179 -0.2443272554
38 63 1.09966 0.994768 0.838915 7.97743 7.97743 3.19766 0.371480 -3.172044098 -0.4038905588
40 63 1.09828 1.06295 0.814549 7.98377 7.98377 2.79398 0.309356 -2.692734477 -0.7453023694
41 63 1.08133 1.07037 0.794297 7.98920 7.98920 2.64141 0.392905 -2.476826282 -0.9178052067
43 63 1.12479 1.13671 0.816476 8.00255 8.00255 2.41350 0.609977 -2.114936810 -1.162747081
44 63 1.10174 1.12656 0.792413 8.01055 8.01055 2.28444 0.704882 -1.934777465 -1.214610546
46 63 1.08633 1.18153 0.749623 8.03755 8.03755 1.90279 0.467715 -1.491543623 -1.181484273
47 63 1.07822 1.23634 0.722928 8.06066 8.06066 1.67436 0.338182 -1.216382443 -1.150601023
50 63 1.00245 1.34217 0.631607 8.17694 8.17694 1.13657 0.265163 -0.4811320439 -1.029703276
13 64 1.00987 1.37311 0.631787 5.83808 5.83808 1.09636 0.275996 -0.4345671614 1.006551978
15 64 1.05095 1.28548 0.686701 5.76812 5.76812 1.43498 0.240757 -0.8819306190 1.131974197
17 64 1.08479 1.19531 0.742922 5.73184 5.73184 1.84210 0.432300 -1.420763276 1.172491558
19 64 1.09789 1.12805 0.786614 5.71130 5.71130 2.24038 0.674709 -1.879211304 1.219773452
21 64 1.19439 1.19969 0.870744 5.70862 5.70862 2.49019 0.536415 -2.233212339 1.101720615
23 64 1.09486 1.06966 0.808771 5.69117 5.69117 2.73403 0.334544 -2.611876989 0.8080903510
25 64 1.09957 1.00930 0.833906 5.68616 5.68616 3.11169 0.329487 -3.076031978 0.4697129275
27 64 1.08514 0.917562 0.848867 5.68363 5.68363 3.58964 0.635351 -3.585673510 0.1685899972
29 64 1.07123 0.840637 0.858800 5.68428 5.68428 4.04220 1.06005 -4.041671172 0.06522770553
31 64 1.06705 0.817236 0.862504 5.71541 5.71541 4.21649 1.44838 -4.216369999 0.03099307108
33 64 1.06705 0.817236 0.862504 5.71541 5.71541 4.21649 1.44838 -4.216369999 -0.03099307108
35 64 1.07123 0.840637 0.858800 5.68428 5.68428 4.04220 1.06005 -4.041671172 -0.06522770553
37 64 1.08514 0.917562 0.848867 5.68363 5.68363 3.58964 0.635351 -3.585673510 -0.1685899972
39 64 1.09957 1.00930 0.833906 5.68616 5.68616 3.11169 0.329487 -3.076031978 -0.4697129275
41 64 1.09486 1.06966 0.808771 5.69117 5.69117 2.73403 0.334544 -2.611876989 -0.8080903510
43 64 1.19439 1.19969 0.870744 5.70862 5.70862 2.49019 0.536415 -2.233212339 -1.101720615
45 64 1.09789 1.12805 0.786614 5.71130 5.71130 2.24038 0.674709 -1.879211304 -1.219773452
47 64 1.08479 1.19531 0.742922 5.73184 5.73184 1.84210 0.432300 -1.420763276 -1.172491558
49 64 1.05095 1.28548 0.686701 5.76812 5.76812 1.43498 0.240757 -0.8819306190 -1.131974197
51 64 1.00987 1.37311 0.631787 5.83808 5.83808 1.09636 0.275996 -0.4345671614 -1.006551978
14 65 1.01322 1.31000 0.649120 8.27222 8.27222 1.24112 0.244264 -0.6063370913 1.082927994
16 65 1.07005 1.26109 0.708679 8.20105 8.20105 1.57013 0.286220 -1.077652043 1.141915656
17 65 1.08298 1.20944 0.736146 8.17441 8.17441 1.78284 0.398264 -1.350360924 1.164050320
18 65 1.08853 1.16072 0.760211 8.15660 8.15660 2.00235 0.526714 -1.605517782 1.196539075
19 65 1.09499 1.13168 0.781019 8.14319 8.14319 2.19348 0.644017 -1.822938857 1.219929576
21 65 1.14454 1.15284 0.832811 8.12795 8.12795 2.45463 0.571526 -2.177375837 1.133227544
22 65 1.01812 1.01661 0.744832 8.13080 8.13080 2.56130 0.464377 -2.348637324 1.021835731
23 65 1.08917 1.07238 0.801911 8.11305 8.11305 2.68133 0.364662 -2.536793727 0.8684313662
24 65 1.09970 1.05629 0.818252 8.10843 8.10843 2.84076 0.296203 -2.753234520 0.6997107492
27 65 1.08838 0.937473 0.845859 8.10090 8.10090 3.48234 0.556035 -3.475352227 0.2204294491
28 65 1.08035 0.890911 0.852332 8.10003 8.10003 3.73664 0.752186 -3.734898384 0.1138508988
29 65 1.07346 0.852775 0.857214 8.10043 8.10043 3.96343 0.964894 -3.962818641 0.06950366554
31 65 1.06755 0.820126 0.861994 8.11807 8.11807 4.19316 1.36097 -4.192920516 0.04431513074
32 65 1.06674 0.815418 0.862829 8.30717 8.30717 4.23134 1.53708 -4.231307139 0.01554998779
33 65 1.06674 0.815418 0.862829 8.30717 8.30717 4.23134 1.53708 -4.231307139 -0.01554998779
34 65 1.06755 0.820126 0.861994 8.11807 8.11807 4.19316 1.36097 -4.192920516 -0.04431513074
36 65 1.07346 0.852775 0.857214 8.10043 8.10043 3.96343 0.964894 -3.962818641 -0.06950366554
37 65 1.08035 0.890911 0.852332 8.10003 8.10003 3.73664 0.752186 -3.734898384 -0.1138508988
38 65 1.08838 0.937473 0.845859 8.10090 8.10090 3.48234 0.556035 -3.475352227 -0.2204294491
41 65 1.09970 1.05629 0.818252 8.10843 8.10843 2.84076 0.296203 -2.753234520 -0.6997107492
42 65 1.08917 1.07238 0.801911 8.11305 8.11305 2.68133 0.364662 -2.536793727 -0.8684313662
43 65 1.01812 1.01661 0.744832 8.13080 8.13080 2.56130 0.464377 -2.348637324 -1.021835731
44 65 1.14454 1.15284 0.832811 8.12795 8.12795 2.45463 0.571526 -2.177375837 -1.133227544
46 65 1.09499 1.13168 0.781019 8.14319 8.14319 2.19348 0.644017 -1.822938857 -1.219929576
47 65 1.08853 1.16072 0.760211 8.15660 8.15660 2.00235 0.526714 -1.605517782 -1.196539075
48 65 1.08298 1.20944 0.736146 8.17441 8.17441 1.78284 0.398264 -1.350360924 -1.164050320
49 65 1.07005 1.26109 0.708679 8.20105 8.20105 1.57013 0.286220 -1.077652043 -1.141915656
51 65 1.01322 1.31000 0.649120 8.27222 8.27222 1.24112 0.244264 -0.6063370913 -1.082927994
17 66 1.08078 1.22355 0.729325 5.82861 5.82861 1.72559 0.366091 -1.280664993 1.156515420
19 66 1.09311 1.13780 0.775668 5.80472 5.80472 2.14349 0.612460 -1.765104338 1.216109898
23 66 1.07971 1.06955 0.792854 5.78242 5.78242 2.63555 0.397480 -2.467768558 0.9253119231
25 66 1.10074 1.03711 0.825755 5.77591 5.77591 2.95668 0.288417 -2.895978728 0.5959993816
29 66 1.07624 0.867878 0.855325 5.77149 5.77149 3.87091 0.870964 -3.870046179 0.08149712077
31 66 1.06825 0.824107 0.861302 5.77747 5.77747 4.16161 1.27314 -4.161238386 0.05510777494
35 66 1.06825 0.824107 0.861302 5.77747 5.77747 4.16161 1.27314 -4.161238386 -0.05510777494
37 66 1.07624 0.867878 0.855325 5.77149 5.77149 3.87091 0.870964 -3.870046179 -0.08149712077
41 66 1.10074 1.03711 0.825755 5.77591 5.77591 2.95668 0.288417 -2.895978728 -0.5959993816
43 66 1.07971 1.06955 0.792854 5.78242 5.78242 2.63555 0.397480 -2.467768558 -0.9253119231
47 66 1.09311 1.13780 0.775668 5.80472 5.80472 2.14349 0.612460 -1.765104338 -1.216109898
49 66 1.08078 1.22355 0.729325 5.82861 5.82861 1.72559 0.366091 -1.280664993 -1.156515420
14 67 1.00388 1.32903 0.635917 8.42190 8.42190 1.16809 0.257815 -0.5179380098 1.046975229
15 67 1.02958 1.29793 0.666256 8.37248 8.37248 1.32800 0.234074 -0.7239509512 1.113313444
16 67 1.05892 1.27800 0.695044 8.33708 8.33708 1.48322 0.252863 -0.9532013868 1.136364526
17 67 1.07803 1.23716 0.722502 8.31338 8.31338 1.67105 0.336414 -1.212146419 1.150252685
18 67 1.08592 1.18531 0.747770 8.29016 8.29016 1.88582 0.457762 -1.471860264 1.178948285
19 67 1.09026 1.14438 0.769205 8.27479 8.27479 2.09078 0.580026 -1.705341809 1.209601135
20 67 1.09912 1.12729 0.788612 8.26300 8.26300 2.25609 0.685301 -1.898684643 1.218573443
21 67 1.11654 1.13129 0.808905 8.25429 8.25429 2.38274 0.636945 -2.069795135 1.180404228
22 67 1.19910 1.20427 0.874254 8.26151 8.26151 2.49181 0.534786 -2.235791189 1.100148589
23 67 1.06201 1.05687 0.778242 8.24310 8.24310 2.59562 0.431551 -2.404534408 0.9774560645
24 67 1.09390 1.07059 0.807454 8.23538 8.23538 2.72246 0.340500 -2.595743912 0.8208911302
25 67 1.10045 1.04899 0.821462 8.23127 8.23127 2.88686 0.288868 -2.811077494 0.6571011973
26 67 1.09993 1.01554 0.832178 8.22821 8.22821 3.07717 0.315929 -3.036763109 0.4970063481
27 67 1.09175 0.972566 0.837915 8.22594 8.22594 3.28738 0.424247 -3.269805345 0.3394564437
28 67 1.08715 0.929724 0.847069 8.22437 8.22437 3.52387 0.586196 -3.518231531 0.1992000527
29 67 1.07935 0.885111 0.853127 8.22367 8.22367 3.76995 0.780318 -3.768509014 0.1041954722
30 67 1.07289 0.849659 0.857614 8.22426 8.22426 3.98321 0.987062 -3.982622355 0.06798993762
31 67 1.06919 0.829429 0.860425 8.22783 8.22783 4.12101 1.18524 -4.120543090 0.06177690154
32 67 1.06750 0.819809 0.862049 8.24349 8.24349 4.19570 1.36920 -4.195475120 0.04315329954
33 67 1.06673 0.815384 0.862835 8.44760 8.44760 4.23162 1.53957 -4.231587360 0.01509101402
34 67 1.06673 0.815384 0.862835 8.44760 8.44760 4.23162 1.53957 -4.231587360 -0.01509101402
35 67 1.06750 0.819809 0.862049 8.24349 8.24349 4.19570 1.36920 -4.195475120 -0.04315329954
36 67 1.06919 0.829429 0.860425 8.22783 8.22783 4.12101 1.18524 -4.120543090 -0.06177690154
37 67 1.07289 0.849659 0.857614 8.22426 8.22426 3.98321 0.987062 -3.982622355 -0.06798993762
38 67 1.07935 0.885111 0.853127 8.22367 8.22367 3.76995 0.780318 -3.768509014 -0.1041954722
39 67 1.08715 0.929724 0.847069 8.22437 8.22437 3.52387 0.586196 -3.518231531 -0.1992000527
40 67 1.09175 0.972566 0.837915 8.22594 8.22594 3.28738 0.424247 -3.269805345 -0.3394564437
41 67 1.09993 1.01554 0.832178 8.22821 8.22821 3.07717 0.315929 -3.036763109 -0.4970063481
42 67 1.10045 1.04899 0.821462 8.23127 8.23127 2.88686 0.288868 -2.811077494 -0.6571011973
43 67 1.09390 1.07059 0.807454 8.23538 8.23538 2.72246 0.340500 -2.595743912 -0.8208911302
44 67 1.06201 1.05687 0.778242 8.24310 8.24310 2.59562 0.431551 -2.404534408 -0.9774560645
45 67 1.19910 1.20427 0.874254 8.26151 8.26151 2.49181 0.534786 -2.235791189 -1.100148589
46 67 1.11654 1.13129 0.808905 8.25429 8.25429 2.38274 0.636945 -2.069795135 -1.180404228
47 67 1.09912 1.12729 0.788612 8.26300 8.26300 2.25609 0.685301 -1.898684643 -1.218573443
48 67 1.09026 1.14438 0.769205 8.27479 8.27479 2.09078 0.580026 -1.705341809 -1.209601135
49 67 1.08592 1.18531 0.747770 8.29016 8.29016 1.88582 0.457762 -1.471860264 -1.178948285
50 67 1.07803 1.23716 0.722502 8.31338 8.31338 1.67105 0.336414 -1.212146419 -1.150252685
51 67 1.05892 1.27800 0.695044 8.33708 8.33708 1.48322 0.252863 -0.9532013868 -1.136364526
52 67 1.02958 1.29793 0.666256 8.37248 8.37248 1.32800 0.234074 -0.7239509512 -1.113313444
53 67 1.00388 1.32903 0.635917 8.42190 8.42190 1.16809 0.257815 -0.5179380098 -1.046975229
15 68 1.02331 1.30219 0.659982 5.97103 5.97103 1.29513 0.236929 -0.6775843903 1.103738548
19 68 1.08925 1.15424 0.763726 5.89744 5.89744 2.03618 0.546994 -1.643787282 1.201661820
21 68 1.10964 1.12795 0.801890 5.88171 5.88171 2.34605 0.667007 -2.017696447 1.197006433
23 68 1.01413 1.01277 0.741858 5.88152 5.88152 2.55973 0.465937 -2.346062717 1.023810055
25 68 1.09925 1.05898 0.816879 5.86464 5.86464 2.82263 0.300624 -2.730015396 0.7170773469
27 68 1.09981 0.994336 0.839214 5.86045 5.86045 3.20097 0.373293 -3.175699384 0.4014230094
29 68 1.08282 0.903713 0.850858 5.85838 5.85838 3.66602 0.694736 -3.663430972 0.1377314223
31 68 1.07053 0.836810 0.859328 5.85963 5.85963 4.06825 1.09684 -4.067738712 0.06448257390
33 68 1.06700 0.816960 0.862553 5.89610 5.89610 4.21873 1.45890 -4.218626617 0.02925572487
35 68 1.06700 0.816960 0.862553 5.89610 5.89610 4.21873 1.45890 -4.218626617 -0.02925572487
37 68 1.07053 0.836810 0.859328 5.85963 5.85963 4.06825 1.09684 -4.067738712 -0.06448257390
39 68 1.08282 0.903713 0.850858 5.85838 5.85838 3.66602 0.694736 -3.663430972 -0.1377314223
41 68 1.09981 0.994336 0.839214 5.86045 5.86045 3.20097 0.373293 -3.175699384 -0.4014230094
43 68 1.09925 1.05898 0.816879 5.86464 5.86464 2.82263 0.300624 -2.730015396 -0.7170773469
45 68 1.01413 1.01277 0.741858 5.88152 5.88152 2.55973 0.465937 -2.346062717 -1.023810055
47 68 1.10964 1.12795 0.801890 5.88171 5.88171 2.34605 0.667007 -2.017696447 -1.197006433
49 68 1.08925 1.15424 0.763726 5.89744 5.89744 2.03618 0.546994 -1.643787282 -1.201661820
53 68 1.02331 1.30219 0.659982 5.97103 5.97103 1.29513 0.236929 -0.6775843903 -1.103738548
14 69 1.01160 1.37704 0.632543 8.57404 8.57404 1.09349 0.276833 -0.4312483741 1.004857754
16 69 1.04615 1.28902 0.681955 8.47576 8.47576 1.40884 0.236517 -0.8430585412 1.128749331
17 69 1.07034 1.26048 0.709090 8.44968 8.44968 1.57294 0.287487 -1.081543910 1.142095577
19 69 1.08807 1.16502 0.757948 8.40545 8.40545 1.98077 0.513839 -1.580998803 1.193257163
20 69 1.09378 1.13468 0.778009 8.39197 8.39197 2.16636 0.626776 -1.791358456 1.218240412
22 69 1.12842 1.13941 0.819621 8.37455 8.37455 2.42378 0.600609 -2.130329971 1.156024247
25 69 1.09687 1.06660 0.811872 8.35610 8.35610 2.76430 0.320652 -2.653231961 0.7756973616
26 69 1.10073 1.04141 0.824296 8.35238 8.35238 2.93191 0.287121 -2.866185886 0.6172736009
28 69 1.09201 0.965687 0.840465 8.34744 8.34744 3.32998 0.451430 -3.315432900 0.3108159906
29 69 1.08595 0.922415 0.848162 8.34604 8.34604 3.56329 0.615447 -3.558713154 0.1804104382
31 69 1.07238 0.846896 0.857971 8.34629 8.34629 4.00097 1.00783 -4.000404082 0.06691031283
32 69 1.06902 0.828483 0.860576 8.35024 8.35024 4.12806 1.19899 -4.127608152 0.06104388452
34 69 1.06673 0.815353 0.862841 8.58698 8.58698 4.23187 1.54191 -4.231843542 0.01465821073
35 69 1.06673 0.815353 0.862841 8.58698 8.58698 4.23187 1.54191 -4.231843542 -0.01465821073
37 69 1.06902 0.828483 0.860576 8.35024 8.35024 4.12806 1.19899 -4.127608152 -0.06104388452
38 69 1.07238 0.846896 0.857971 8.34629 8.34629 4.00097 1.00783 -4.000404082 -0.06691031283
40 69 1.08595 0.922415 0.848162 8.34604 8.34604 3.56329 0.615447 -3.558713154 -0.1804104382
41 69 1.09201 0.965687 0.840465 8.34744 8.34744 3.32998 0.451430 -3.315432900 -0.3108159906
43 69 1.10073 1.04141 0.824296 8.35238 8.35238 2.93191 0.287121 -2.866185886 -0.6172736009
44 69 1.09687 1.06660 0.811872 8.35610 8.35610 2.76430 0.320652 -2.653231961 -0.7756973616
47 69 1.12842 1.13941 0.819621 8.37455 8.37455 2.42378 0.600609 -2.130329971 -1.156024247
49 69 1.09378 1.13468 0.778009 8.39197 8.39197 2.16636 0.626776 -1.791358456 -1.218240412
50 69 1.08807 1.16502 0.757948 8.40545 8.40545 1.98077 0.513839 -1.580998803 -1.193257163
52 69 1.07034 1.26048 0.709090 8.44968 8.44968 1.57294 0.287487 -1.081543910 -1.142095577
53 69 1.04615 1.28902 0.681955 8.47576 8.47576 1.40884 0.236517 -0.8430585412 -1.128749331
55 69 1.01160 1.37704 0.632543 8.57404 8.57404 1.09349 0.276833 -0.4312483741 -1.004857754
17 70 1.06543 1.26946 0.702586 6.02045 6.02045 1.52988 0.269210 -1.020862119 1.139452074
19 70 1.08686 1.17660 0.752072 5.98954 5.98954 1.92542 0.481035 -1.517660135 1.184881976
23 70 1.20382 1.20887 0.877763 5.97208 5.97208 2.49329 0.533296 -2.238149238 1.098702187
27 70 1.10023 1.02117 0.830600 5.94736 5.94736 3.04607 0.305697 -3.001005492 0.5219743846
29 70 1.08889 0.940828 0.845315 5.94450 5.94450 3.46441 0.543220 -3.456757826 0.2300495316
31 70 1.07476 0.859762 0.856344 5.94392 5.94392 3.92008 0.919163 -3.919373466 0.07408493721
33 70 1.06806 0.823038 0.861486 5.95117 5.95117 4.17001 1.29444 -4.169671220 0.05280940101
37 70 1.06806 0.823038 0.861486 5.95117 5.95117 4.17001 1.29444 -4.169671220 -0.05280940101
39 70 1.07476 0.859762 0.856344 5.94392 5.94392 3.92008 0.919163 -3.919373466 -0.07408493721
41 70 1.08889 0.940828 0.845315 5.94450 5.94450 3.46441 0.543220 -3.456757826 -0.2300495316
43 70 1.10023 1.02117 0.830600 5.94736 5.94736 3.04607 0.305697 -3.001005492 -0.5219743846
47 70 1.20382 1.20887 0.877763 5.97208 5.97208 2.49329 0.533296 -2.238149238 -1.098702187
51 70 1.08686 1.17660 0.752072 5.98954 5.98954 1.92542 0.481035 -1.517660135 -1.184881976
53 70 1.06543 1.26946 0.702586 6.02045 6.02045 1.52988 0.269210 -1.020862119 -1.139452074
