27 131 1.00249 1.34370 0.631304 11.7926 11.7926 1.13359 0.265908 -0.4776738255 1.028029218
28 131 1.01042 1.31365 0.645663 11.7515 11.7515 1.22316 0.247200 -0.5839541630 1.074758027
29 131 1.02513 1.30157 0.661720 11.7173 11.7173 1.30302 0.236100 -0.6885278159 1.106250405
30 131 1.04038 1.29260 0.676408 11.6883 11.6883 1.37933 0.233797 -0.7992073267 1.124193767
31 131 1.05512 1.28186 0.690982 11.6639 11.6639 1.45934 0.246205 -0.9180331501 1.134405038
32 131 1.06750 1.26603 0.705210 11.6446 11.6446 1.54692 0.276125 -1.045102664 1.140480882
33 131 1.07644 1.24340 0.719211 11.6424 11.6424 1.64581 0.323148 -1.179546795 1.147756066
34 131 1.08194 1.21652 0.732739 11.6088 11.6088 1.75392 0.381909 -1.315399623 1.160145935
35 131 1.08538 1.19013 0.745421 11.5946 11.5946 1.86450 0.445315 -1.447023720 1.175784048
36 131 1.08790 1.16658 0.757136 11.5826 11.5826 1.97306 0.509252 -1.572220549 1.192086309
37 131 1.09006 1.14700 0.767801 11.5721 11.5721 2.07616 0.571140 -1.688864936 1.207548432
38 131 1.09388 1.13437 0.778280 11.5629 11.5629 2.16886 0.628355 -1.794251753 1.218438293
39 131 1.09850 1.12763 0.787635 11.5549 11.5549 2.24848 0.680147 -1.889205769 1.219237471
40 131 1.10550 1.12676 0.797189 11.5480 11.5480 2.31714 0.689031 -1.978040111 1.206851444
41 131 1.11576 1.13085 0.808152 11.5423 11.5423 2.37918 0.639958 -2.064664682 1.182218659
42 131 1.13401 1.14386 0.824315 11.5387 11.5387 2.43680 0.588512 -2.150020383 1.146897545
43 131 1.19674 1.20197 0.872499 11.5512 11.5512 2.49102 0.535582 -2.234531261 1.100917903
44 131 0.934834 0.934919 0.683318 11.6041 11.6041 2.54347 0.482266 -2.319422127 1.043781890
45 131 1.06313 1.05779 0.779122 11.5260 11.5260 2.59729 0.430024 -2.407233621 0.9752560300
46 131 1.08507 1.07182 0.797778 11.5192 11.5192 2.65762 0.380839 -2.501523391 0.8973814145
47 131 1.09438 1.07015 0.808104 11.5153 11.5153 2.72808 0.337560 -2.603607165 0.8146404874
48 131 1.09882 1.06095 0.815776 11.5121 11.5121 2.80873 0.304593 -2.712026792 0.7306424879
49 131 1.10055 1.04717 0.822180 11.5095 11.5095 2.89789 0.287946 -2.824689562 0.6471993938
50 131 1.10062 1.03060 0.827822 11.5072 11.5072 2.99353 0.293225 -2.939723645 0.5650156103
51 131 1.09975 1.01250 0.833020 11.5052 11.5052 3.09397 0.322253 -3.055923691 0.4836706437
52 131 1.09973 0.994540 0.839067 11.5035 11.5035 3.19938 0.372419 -3.173941064 0.4026095339
53 131 1.09212 0.968881 0.839530 11.5020 11.5020 3.31141 0.439448 -3.295606847 0.3231274661
54 131 1.08982 0.947107 0.844255 11.5008 11.5008 3.43088 0.519598 -3.421843388 0.2487724216
55 131 1.08617 0.923773 0.847962 11.4999 11.4999 3.55594 0.609949 -3.551182972 0.1838118025
56 131 1.08240 0.900800 0.851349 11.4993 11.4993 3.68274 0.708091 -3.680375477 0.1316689212
57 131 1.07824 0.878886 0.853934 11.4991 11.4991 3.80598 0.811628 -3.804788778 0.09495170139
58 131 1.07480 0.860005 0.856314 11.4994 11.4994 3.91858 0.917647 -3.917874989 0.07427510443
59 131 1.07203 0.844985 0.858220 11.5004 11.5004 4.01340 1.02293 -4.012847073 0.06629620468
60 131 1.07005 0.834201 0.859702 11.5026 11.5026 4.08648 1.12491 -4.085972276 0.06388848037
61 131 1.06875 0.826958 0.860823 11.5071 11.5071 4.13959 1.22273 -4.139158121 0.05951129925
62 131 1.06787 0.821977 0.861670 11.5165 11.5165 4.17840 1.31706 -4.178095780 0.05012263981
63 131 1.06726 0.818431 0.862292 11.5401 11.5401 4.20680 1.40825 -4.206630230 0.03736518616
64 131 1.06686 0.816122 0.862703 11.6270 11.6270 4.22558 1.49566 -4.225507603 0.02298033174
65 131 1.06666 0.814984 0.862907 12.7434 12.7434 4.23491 1.57853 -4.234896650 0.007749600852
66 131 1.06666 0.814984 0.862907 12.7434 12.7434 4.23491 1.57853 -4.234896650 -0.007749600852
67 131 1.06686 0.816122 0.862703 11.6270 11.6270 4.22558 1.49566 -4.225507603 -0.02298033174
68 131 1.06726 0.818431 0.862292 11.5401 11.5401 4.20680 1.40825 -4.206630230 -0.03736518616
69 131 1.06787 0.821977 0.861670 11.5165 11.5165 4.17840 1.31706 -4.178095780 -0.05012263981
70 131 1.06875 0.826958 0.860823 11.5071 11.5071 4.13959 1.22273 -4.139158121 -0.05951129925
71 131 1.07005 0.834201 0.859702 11.5026 11.5026 4.08648 1.12491 -4.085972276 -0.06388848037
72 131 1.07203 0.844985 0.858220 11.5004 11.5004 4.01340 1.02293 -4.012847073 -0.06629620468
73 131 1.07480 0.860005 0.856314 11.4994 11.4994 3.91858 0.917647 -3.917874989 -0.07427510443
74 131 1.07824 0.878886 0.853934 11.4991 11.4991 3.80598 0.811628 -3.804788778 -0.09495170139
75 131 1.08240 0.900800 0.851349 11.4993 11.4993 3.68274 0.708091 -3.680375477 -0.1316689212
76 131 1.08617 0.923773 0.847962 11.4999 11.4999 3.55594 0.609949 -3.551182972 -0.1838118025
77 131 1.08982 0.947107 0.844255 11.5008 11.5008 3.43088 0.519598 -3.421843388 -0.2487724216
78 131 1.09212 0.968881 0.839530 11.5020 11.5020 3.31141 0.439448 -3.295606847 -0.3231274661
79 131 1.09973 0.994540 0.839067 11.5035 11.5035 3.19938 0.372419 -3.173941064 -0.4026095339
80 131 1.09975 1.01250 0.833020 11.5052 11.5052 3.09397 0.322253 -3.055923691 -0.4836706437
81 131 1.10062 1.03060 0.827822 11.5072 11.5072 2.99353 0.293225 -2.939723645 -0.5650156103
82 131 1.10055 1.04717 0.822180 11.5095 11.5095 2.89789 0.287946 -2.824689562 -0.6471993938
83 131 1.09882 1.06095 0.815776 11.5121 11.5121 2.80873 0.304593 -2.712026792 -0.7306424879
84 131 1.09438 1.07015 0.808104 11.5153 11.5153 2.72808 0.337560 -2.603607165 -0.8146404874
85 131 1.08507 1.07182 0.797778 11.5192 11.5192 2.65762 0.380839 -2.501523391 -0.8973814145
86 131 1.06313 1.05779 0.779122 11.5260 11.5260 2.59729 0.430024 -2.407233621 -0.9752560300
87 131 0.934834 0.934919 0.683318 11.6041 11.6041 2.54347 0.482266 -2.319422127 -1.043781890
88 131 1.19674 1.20197 0.872499 11.5512 11.5512 2.49102 0.535582 -2.234531261 -1.100917903
89 131 1.13401 1.14386 0.824315 11.5387 11.5387 2.43680 0.588512 -2.150020383 -1.146897545
90 131 1.11576 1.13085 0.808152 11.5423 11.5423 2.37918 0.639958 -2.064664682 -1.182218659
91 131 1.10550 1.12676 0.797189 11.5480 11.5480 2.31714 0.689031 -1.978040111 -1.206851444
92 131 1.09850 1.12763 0.787635 11.5549 11.5549 2.24848 0.680147 -1.889205769 -1.219237471
93 131 1.09388 1.13437 0.778280 11.5629 11.5629 2.16886 0.628355 -1.794251753 -1.218438293
94 131 1.09006 1.14700 0.767801 11.5721 11.5721 2.07616 0.571140 -1.688864936 -1.207548432
95 131 1.08790 1.16658 0.757136 11.5826 11.5826 1.97306 0.509252 -1.572220549 -1.192086309
96 131 1.08538 1.19013 0.745421 11.5946 11.5946 1.86450 0.445315 -1.447023720 -1.175784048
97 131 1.08194 1.21652 0.732739 11.6088 11.6088 1.75392 0.381909 -1.315399623 -1.160145935
98 131 1.07644 1.24340 0.719211 11.6424 11.6424 1.64581 0.323148 -1.179546795 -1.147756066
99 131 1.06750 1.26603 0.705210 11.6446 11.6446 1.54692 0.276125 -1.045102664 -1.140480882
100 131 1.05512 1.28186 0.690982 11.6639 11.6639 1.45934 0.246205 -0.9180331501 -1.134405038
101 131 1.04038 1.29260 0.676408 11.6883 11.6883 1.37933 0.233797 -0.7992073267 -1.124193767
102 131 1.02513 1.30157 0.661720 11.7173 11.7173 1.30302 0.236100 -0.6885278159 -1.106250405
103 131 1.01042 1.31365 0.645663 11.7515 11.7515 1.22316 0.247200 -0.5839541630 -1.074758027
104 131 1.00249 1.34370 0.631304 11.7926 11.7926 1.13359 0.265908 -0.4776738255 -1.028029218
29 132 1.02143 1.30318 0.658112 8.32188 8.32188 1.28612 0.237967 -0.6652515523 1.100701180
31 132 1.05183 1.28476 0.687598 8.28280 8.28280 1.44002 0.241769 -0.8894145620 1.132518903
35 132 1.08460 1.19691 0.742151 8.23231 8.23231 1.83524 0.428332 -1.412692841 1.171492783
37 132 1.08950 1.15204 0.764953 8.21582 8.21582 2.04809 0.554164 -1.657224695 1.203444110
41 132 1.11208 1.12897 0.804465 8.19382 8.19382 2.36044 0.655493 -2.037899083 1.191050642
43 132 1.16297 1.16965 0.847102 8.19203 8.19203 2.47365 0.552926 -2.207038439 1.117093113
47 132 1.09181 1.07184 0.804862 8.17442 8.17442 2.70177 0.352056 -2.566424663 0.8443892342
49 132 1.10015 1.05269 0.819910 8.17007 8.17007 2.86392 0.291816 -2.782494806 0.6780443881
53 132 1.08949 0.974198 0.834965 8.16455 8.16455 3.26553 0.410770 -3.246212708 0.3546652046
59 132 1.07317 0.851170 0.857420 8.16258 8.16258 3.97359 0.976159 -3.972987981 0.06868358361
61 132 1.06928 0.829945 0.860344 8.16596 8.16596 4.11719 1.17802 -4.116718826 0.06211883121
65 132 1.06673 0.815401 0.862832 8.37752 8.37752 4.23148 1.53834 -4.231450437 0.01531708441
67 132 1.06673 0.815401 0.862832 8.37752 8.37752 4.23148 1.53834 -4.231450437 -0.01531708441
71 132 1.06928 0.829945 0.860344 8.16596 8.16596 4.11719 1.17802 -4.116718826 -0.06211883121
73 132 1.07317 0.851170 0.857420 8.16258 8.16258 3.97359 0.976159 -3.972987981 -0.06868358361
79 132 1.08949 0.974198 0.834965 8.16455 8.16455 3.26553 0.410770 -3.246212708 -0.3546652046
83 132 1.10015 1.05269 0.819910 8.17007 8.17007 2.86392 0.291816 -2.782494806 -0.6780443881
85 132 1.09181 1.07184 0.804862 8.17442 8.17442 2.70177 0.352056 -2.566424663 -0.8443892342
89 132 1.16297 1.16965 0.847102 8.19203 8.19203 2.47365 0.552926 -2.207038439 -1.117093113
91 132 1.11208 1.12897 0.804465 8.19382 8.19382 2.36044 0.655493 -2.037899083 -1.191050642
95 132 1.08950 1.15204 0.764953 8.21582 8.21582 2.04809 0.554164 -1.657224695 -1.203444110
97 132 1.08460 1.19691 0.742151 8.23231 8.23231 1.83524 0.428332 -1.412692841 -1.171492783
101 132 1.05183 1.28476 0.687598 8.28280 8.28280 1.44002 0.241769 -0.8894145620 -1.132518903
103 132 1.02143 1.30318 0.658112 8.32188 8.32188 1.28612 0.237967 -0.6652515523 -1.100701180
27 133 1.01073 1.37509 0.632153 11.9030 11.9030 1.09487 0.276429 -0.4328462387 1.005674078
29 133 1.01814 1.30540 0.654681 11.8207 11.8207 1.26920 0.240140 -0.6425752320 1.094511908
30 133 1.03321 1.29634 0.669658 11.7898 11.7898 1.34474 0.233341 -0.7482342148 1.117347193
31 133 1.04848 1.28737 0.684244 11.7635 11.7635 1.42135 0.238333 -0.8616598394 1.130379123
32 133 1.06190 1.27444 0.698395 11.7416 11.7416 1.50355 0.259481 -0.9828912419 1.137794159
33 133 1.07248 1.25546 0.712296 11.7420 11.7420 1.59523 0.297877 -1.112167757 1.143606226
34 133 1.07948 1.23046 0.725910 11.7062 11.7062 1.69793 0.350895 -1.246220990 1.153204626
36 133 1.08661 1.17892 0.750917 11.6770 11.6770 1.91472 0.474729 -1.505326848 1.183273034
37 133 1.08890 1.15734 0.762023 11.6658 11.6658 2.01975 0.537127 -1.625217374 1.199180270
39 133 1.09551 1.13075 0.782156 11.6474 11.6474 2.20335 0.650377 -1.834587910 1.220261573
40 133 1.10099 1.12667 0.791376 11.6399 11.6399 2.27690 0.699614 -1.925056448 1.215904111
41 133 1.10893 1.12769 0.801118 11.6334 11.6334 2.34153 0.670547 -2.011416377 1.198730991
43 133 1.14576 1.15392 0.833779 11.6267 11.6267 2.45628 0.569926 -2.179938137 1.131887786
44 133 1.30596 1.30981 0.952987 11.7020 11.7020 2.50885 0.517522 -2.263119287 1.082863670
45 133 1.01612 1.01468 0.743342 11.6316 11.6316 2.56050 0.465175 -2.347320546 1.022846411
46 133 1.07245 1.06498 0.786659 11.6108 11.6108 2.61495 0.414426 -2.435474841 0.9520553917
47 133 1.08855 1.07239 0.801250 11.6055 11.6055 2.67717 0.367375 -2.530682401 0.8734239629
48 133 1.09597 1.06819 0.810416 11.6019 11.6019 2.74955 0.327119 -2.633225014 0.7912937049
50 133 1.10069 1.04326 0.823639 11.5964 11.5964 2.92110 0.287054 -2.853078790 0.6266862005
51 133 1.10048 1.02648 0.829060 11.5942 11.5942 3.01655 0.297906 -2.966714255 0.5460154557
52 133 1.09952 1.00844 0.834146 11.5923 11.5923 3.11648 0.331534 -3.081443384 0.4659641637
53 133 1.10219 0.992997 0.842201 11.5907 11.5907 3.22153 0.384798 -3.198287592 0.3862600174
54 133 1.09197 0.965095 0.840618 11.5892 11.5892 3.33332 0.453610 -3.318996228 0.3086262120
55 133 1.08924 0.943115 0.844936 11.5881 11.5881 3.45220 0.534565 -3.444064013 0.2367579718
58 133 1.07777 0.876291 0.854265 11.5866 11.5866 3.82113 0.825108 -3.820027253 0.09144147544
59 133 1.07446 0.858108 0.856557 11.5869 11.5869 3.93028 0.929616 -3.929601641 0.07284492874
60 133 1.07180 0.843748 0.858384 11.5880 11.5880 4.02152 1.03307 -4.020974046 0.06595046454
61 133 1.06992 0.833484 0.859808 11.5904 11.5904 4.09156 1.13316 -4.091060571 0.06368323916
62 133 1.06868 0.826563 0.860888 11.5950 11.5950 4.14260 1.22921 -4.142177377 0.05903206013
64 133 1.06724 0.818322 0.862312 11.6294 11.6294 4.20768 1.41161 -4.207513540 0.03684757131
65 133 1.06685 0.816083 0.862710 11.7196 11.7196 4.22589 1.49759 -4.225823424 0.02264376340
66 133 1.06666 0.814980 0.862908 12.8802 12.8802 4.23494 1.57914 -4.234931621 0.007633389882
67 133 1.06666 0.814980 0.862908 12.8802 12.8802 4.23494 1.57914 -4.234931621 -0.007633389882
68 133 1.06685 0.816083 0.862710 11.7196 11.7196 4.22589 1.49759 -4.225823424 -0.02264376340
69 133 1.06724 0.818322 0.862312 11.6294 11.6294 4.20768 1.41161 -4.207513540 -0.03684757131
71 133 1.06868 0.826563 0.860888 11.5950 11.5950 4.14260 1.22921 -4.142177377 -0.05903206013
72 133 1.06992 0.833484 0.859808 11.5904 11.5904 4.09156 1.13316 -4.091060571 -0.06368323916
73 133 1.07180 0.843748 0.858384 11.5880 11.5880 4.02152 1.03307 -4.020974046 -0.06595046454
74 133 1.07446 0.858108 0.856557 11.5869 11.5869 3.93028 0.929616 -3.929601641 -0.07284492874
75 133 1.07777 0.876291 0.854265 11.5866 11.5866 3.82113 0.825108 -3.820027253 -0.09144147544
78 133 1.08924 0.943115 0.844936 11.5881 11.5881 3.45220 0.534565 -3.444064013 -0.2367579718
79 133 1.09197 0.965095 0.840618 11.5892 11.5892 3.33332 0.453610 -3.318996228 -0.3086262120
80 133 1.10219 0.992997 0.842201 11.5907 11.5907 3.22153 0.384798 -3.198287592 -0.3862600174
81 133 1.09952 1.00844 0.834146 11.5923 11.5923 3.11648 0.331534 -3.081443384 -0.4659641637
82 133 1.10048 1.02648 0.829060 11.5942 11.5942 3.01655 0.297906 -2.966714255 -0.5460154557
83 133 1.10069 1.04326 0.823639 11.5964 11.5964 2.92110 0.287054 -2.853078790 -0.6266862005
85 133 1.09597 1.06819 0.810416 11.6019 11.6019 2.74955 0.327119 -2.633225014 -0.7912937049
86 133 1.08855 1.07239 0.801250 11.6055 11.6055 2.67717 0.367375 -2.530682401 -0.8734239629
87 133 1.07245 1.06498 0.786659 11.6108 11.6108 2.61495 0.414426 -2.435474841 -0.9520553917
88 133 1.01612 1.01468 0.743342 11.6316 11.6316 2.56050 0.465175 -2.347320546 -1.022846411
89 133 1.30596 1.30981 0.952987 11.7020 11.7020 2.50885 0.517522 -2.263119287 -1.082863670
90 133 1.14576 1.15392 0.833779 11.6267 11.6267 2.45628 0.569926 -2.179938137 -1.131887786
92 133 1.10893 1.12769 0.801118 11.6334 11.6334 2.34153 0.670547 -2.011416377 -1.198730991
93 133 1.10099 1.12667 0.791376 11.6399 11.6399 2.27690 0.699614 -1.925056448 -1.215904111
94 133 1.09551 1.13075 0.782156 11.6474 11.6474 2.20335 0.650377 -1.834587910 -1.220261573
96 133 1.08890 1.15734 0.762023 11.6658 11.6658 2.01975 0.537127 -1.625217374 -1.199180270
97 133 1.08661 1.17892 0.750917 11.6770 11.6770 1.91472 0.474729 -1.505326848 -1.183273034
99 133 1.07948 1.23046 0.725910 11.7062 11.7062 1.69793 0.350895 -1.246220990 -1.153204626
100 133 1.07248 1.25546 0.712296 11.7420 11.7420 1.59523 0.297877 -1.112167757 -1.143606226
101 133 1.06190 1.27444 0.698395 11.7416 11.7416 1.50355 0.259481 -0.9828912419 -1.137794159
102 133 1.04848 1.28737 0.684244 11.7635 11.7635 1.42135 0.238333 -0.8616598394 -1.130379123
103 133 1.03321 1.29634 0.669658 11.7898 11.7898 1.34474 0.233341 -0.7482342148 -1.117347193
104 133 1.01814 1.30540 0.654681 11.8207 11.8207 1.26920 0.240140 -0.6425752320 -1.094511908
106 133 1.01073 1.37509 0.632153 11.9030 11.9030 1.09487 0.276429 -0.4328462387 -1.005674078
27 134 1.03782 1.42313 0.646866 8.46056 8.46056 1.07557 0.282269 -0.4104832113 0.9941544325
29 134 1.01508 1.30805 0.651287 8.39508 8.39508 1.25217 0.242572 -0.6203908096 1.087668316
31 134 1.04509 1.28973 0.680920 8.35329 8.35329 1.40324 0.235832 -0.8347292822 1.127964244
33 134 1.07020 1.26077 0.708891 8.32628 8.32628 1.57158 0.286871 -1.079655322 1.142007982
35 134 1.08281 1.21065 0.735563 8.29970 8.29970 1.77784 0.395425 -1.344353844 1.163363607
37 134 1.08829 1.16291 0.759051 8.28196 8.28196 1.99127 0.520097 -1.592939404 1.194853735
39 134 1.09433 1.13312 0.779467 8.26850 8.26850 2.17969 0.635211 -1.806810124 1.219200893
41 134 1.10619 1.12690 0.798011 8.25823 8.25823 2.32244 0.685112 -1.985204781 1.205259815
43 134 1.13504 1.14470 0.825160 8.25192 8.25192 2.43888 0.586558 -2.153184064 1.145375670
45 134 0.931239 0.931356 0.680677 8.30139 8.30139 2.54308 0.482662 -2.318782051 1.044250877
47 134 1.08436 1.07160 0.797103 8.23820 8.23820 2.65423 0.383292 -2.496400772 0.9016099445
49 134 1.09853 1.06208 0.815099 8.23316 8.23316 2.80050 0.307180 -2.701290863 0.7387860123
51 134 1.10069 1.03307 0.827057 8.22963 8.22963 2.97966 0.291018 -2.923330204 0.5765961625
53 134 1.09926 0.997527 0.837562 8.22698 8.22698 3.17926 0.361653 -3.151701803 0.4176855426
55 134 1.09056 0.952385 0.843308 8.22505 8.22505 3.40263 0.500053 -3.392271274 0.2652852570
57 134 1.08335 0.906970 0.850379 8.22390 8.22390 3.64782 0.680344 -3.644949024 0.1446194107
59 134 1.07584 0.865684 0.855600 8.22375 8.22375 3.88408 0.883553 -3.883262618 0.07927742843
61 134 1.07069 0.837675 0.859207 8.22545 8.22545 4.06229 1.08810 -4.061774140 0.06465163744
63 134 1.06820 0.823820 0.861351 8.23264 8.23264 4.16386 1.27872 -4.163495467 0.05452908027
65 134 1.06701 0.817024 0.862542 8.27508 8.27508 4.21821 1.45639 -4.218100324 0.02967212410
69 134 1.06701 0.817024 0.862542 8.27508 8.27508 4.21821 1.45639 -4.218100324 -0.02967212410
71 134 1.06820 0.823820 0.861351 8.23264 8.23264 4.16386 1.27872 -4.163495467 -0.05452908027
73 134 1.07069 0.837675 0.859207 8.22545 8.22545 4.06229 1.08810 -4.061774140 -0.06465163744
75 134 1.07584 0.865684 0.855600 8.22375 8.22375 3.88408 0.883553 -3.883262618 -0.07927742843
77 134 1.08335 0.906970 0.850379 8.22390 8.22390 3.64782 0.680344 -3.644949024 -0.1446194107
79 134 1.09056 0.952385 0.843308 8.22505 8.22505 3.40263 0.500053 -3.392271274 -0.2652852570
81 134 1.09926 0.997527 0.837562 8.22698 8.22698 3.17926 0.361653 -3.151701803 -0.4176855426
83 134 1.10069 1.03307 0.827057 8.22963 8.22963 2.97966 0.291018 -2.923330204 -0.5765961625
85 134 1.09853 1.06208 0.815099 8.23316 8.23316 2.80050 0.307180 -2.701290863 -0.7387860123
87 134 1.08436 1.07160 0.797103 8.23820 8.23820 2.65423 0.383292 -2.496400772 -0.9016099445
89 134 0.931239 0.931356 0.680677 8.30139 8.30139 2.54308 0.482662 -2.318782051 -1.044250877
91 134 1.13504 1.14470 0.825160 8.25192 8.25192 2.43888 0.586558 -2.153184064 -1.145375670
93 134 1.10619 1.12690 0.798011 8.25823 8.25823 2.32244 0.685112 -1.985204781 -1.205259815
95 134 1.09433 1.13312 0.779467 8.26850 8.26850 2.17969 0.635211 -1.806810124 -1.219200893
97 134 1.08829 1.16291 0.759051 8.28196 8.28196 1.99127 0.520097 -1.592939404 -1.194853735
99 134 1.08281 1.21065 0.735563 8.29970 8.29970 1.77784 0.395425 -1.344353844 -1.163363607
101 134 1.07020 1.26077 0.708891 8.32628 8.32628 1.57158 0.286871 -1.079655322 -1.142007982
103 134 1.04509 1.28973 0.680920 8.35329 8.35329 1.40324 0.235832 -0.8347292822 -1.127964244
105 134 1.01508 1.30805 0.651287 8.39508 8.39508 1.25217 0.242572 -0.6203908096 -1.087668316
107 134 1.03782 1.42313 0.646866 8.46056 8.46056 1.07557 0.282269 -0.4104832113 -0.9941544325
28 135 1.00270 1.33622 0.633173 11.9636 11.9636 1.14948 0.262033 -0.4961601230 1.036880578
29 135 1.01222 1.31119 0.647922 11.9243 11.9243 1.23495 0.245246 -0.5985867423 1.080182997
31 135 1.04165 1.29187 0.677612 11.8632 11.8632 1.38566 0.234195 -0.8085943046 1.125260469
32 135 1.05583 1.28119 0.691727 11.8394 11.8394 1.46366 0.247315 -0.9244130058 1.134786976
34 135 1.07639 1.24359 0.719109 11.8201 11.8201 1.64504 0.322747 -1.178536139 1.147683924
37 135 1.08768 1.16870 0.756048 11.7592 11.7592 1.96278 0.503141 -1.560487321 1.190525877
38 135 1.08982 1.14922 0.766543 11.7487 11.7487 2.06365 0.563558 -1.674761188 1.205739695
41 135 1.10377 1.12653 0.795077 11.7244 11.7244 2.30309 0.699180 -1.959228671 1.210621593
43 135 1.12752 1.13873 0.818853 11.7141 11.7141 2.42139 0.602800 -2.126741482 1.157623694
44 135 1.16455 1.17113 0.848306 11.7166 11.7166 2.47483 0.551754 -2.208899877 1.116034986
46 135 1.04546 1.04233 0.765422 11.7064 11.7064 2.57730 0.448750 -2.374791264 1.001394962
47 135 1.07891 1.06912 0.792147 11.6958 11.6958 2.63284 0.399629 -2.463566324 0.9287955535
49 135 1.09723 1.06581 0.812514 11.6879 11.6879 2.77112 0.317855 -2.662390671 0.7686037440
52 135 1.10030 1.02242 0.830241 11.6806 11.6806 3.03911 0.303686 -2.992954074 0.5276102700
53 135 1.09932 1.00449 0.835270 11.6787 11.6787 3.13856 0.341463 -3.106303019 0.4487901500
56 135 1.08865 0.939215 0.845579 11.6747 11.6747 3.47303 0.549366 -3.465704929 0.2253897666
58 135 1.08081 0.894096 0.851805 11.6735 11.6735 3.71806 0.736803 -3.716128729 0.1196887373
59 135 1.07733 0.873819 0.854578 11.6734 11.6734 3.83564 0.838221 -3.834623050 0.08828861997
61 135 1.07159 0.842586 0.858538 11.6750 11.6750 4.02920 1.04288 -4.028655096 0.06565876429
62 135 1.06980 0.832811 0.859907 11.6775 11.6775 4.09636 1.14113 -4.095868041 0.06346508507
64 135 1.06780 0.821549 0.861745 11.6925 11.6925 4.18180 1.32667 -4.181510501 0.04891394642
67 135 1.06666 0.814976 0.862909 13.0176 13.0176 4.23498 1.57972 -4.234965048 0.007520608071
68 135 1.06666 0.814976 0.862909 13.0176 13.0176 4.23498 1.57972 -4.234965048 -0.007520608071
71 135 1.06780 0.821549 0.861745 11.6925 11.6925 4.18180 1.32667 -4.181510501 -0.04891394642
73 135 1.06980 0.832811 0.859907 11.6775 11.6775 4.09636 1.14113 -4.095868041 -0.06346508507
74 135 1.07159 0.842586 0.858538 11.6750 11.6750 4.02920 1.04288 -4.028655096 -0.06565876429
76 135 1.07733 0.873819 0.854578 11.6734 11.6734 3.83564 0.838221 -3.834623050 -0.08828861997
77 135 1.08081 0.894096 0.851805 11.6735 11.6735 3.71806 0.736803 -3.716128729 -0.1196887373
79 135 1.08865 0.939215 0.845579 11.6747 11.6747 3.47303 0.549366 -3.465704929 -0.2253897666
82 135 1.09932 1.00449 0.835270 11.6787 11.6787 3.13856 0.341463 -3.106303019 -0.4487901500
83 135 1.10030 1.02242 0.830241 11.6806 11.6806 3.03911 0.303686 -2.992954074 -0.5276102700
86 135 1.09723 1.06581 0.812514 11.6879 11.6879 2.77112 0.317855 -2.662390671 -0.7686037440
88 135 1.07891 1.06912 0.792147 11.6958 11.6958 2.63284 0.399629 -2.463566324 -0.9287955535
89 135 1.04546 1.04233 0.765422 11.7064 11.7064 2.57730 0.448750 -2.374791264 -1.001394962
91 135 1.16455 1.17113 0.848306 11.7166 11.7166 2.47483 0.551754 -2.208899877 -1.116034986
92 135 1.12752 1.13873 0.818853 11.7141 11.7141 2.42139 0.602800 -2.126741482 -1.157623694
94 135 1.10377 1.12653 0.795077 11.7244 11.7244 2.30309 0.699180 -1.959228671 -1.210621593
97 135 1.08982 1.14922 0.766543 11.7487 11.7487 2.06365 0.563558 -1.674761188 -1.205739695
98 135 1.08768 1.16870 0.756048 11.7592 11.7592 1.96278 0.503141 -1.560487321 -1.190525877
101 135 1.07639 1.24359 0.719109 11.8201 11.8201 1.64504 0.322747 -1.178536139 -1.147683924
103 135 1.05583 1.28119 0.691727 11.8394 11.8394 1.46366 0.247315 -0.9244130058 -1.134786976
104 135 1.04165 1.29187 0.677612 11.8632 11.8632 1.38566 0.234195 -0.8085943046 -1.125260469
106 135 1.01222 1.31119 0.647922 11.9243 11.9243 1.23495 0.245246 -0.5985867423 -1.080182997
107 135 1.00270 1.33622 0.633173 11.9636 11.9636 1.14948 0.262033 -0.4961601230 -1.036880578
29 136 1.00960 1.31491 0.644602 8.46844 8.46844 1.21754 0.248168 -0.5770590235 1.072097012
31 136 1.03819 1.29382 0.674334 8.42382 8.42382 1.36855 0.233349 -0.7832387333 1.122251437
33 136 1.06511 1.26995 0.702196 8.39202 8.39202 1.52739 0.268238 -1.017294243 1.139300455
35 136 1.08064 1.22435 0.728934 8.36723 8.36723 1.72239 0.364321 -1.276712486 1.156120042
37 136 1.08707 1.17469 0.753035 8.34789 8.34789 1.93437 0.486315 -1.527944783 1.186229438
39 136 1.09322 1.14023 0.774643 8.33351 8.33351 2.13020 0.604221 -1.749967595 1.214644795
41 136 1.10163 1.12657 0.792268 8.32243 8.32243 2.28339 0.704148 -1.933422035 1.214800946
43 136 1.12184 1.13464 0.813846 8.31450 8.31450 2.40381 0.618637 -2.100584742 1.168692072
45 136 1.31100 1.31483 0.956683 8.37009 8.37009 2.50923 0.517135 -2.263732091 1.082463075
47 136 1.07152 1.06432 0.785893 8.30235 8.30235 2.61284 0.416241 -2.432121363 0.9548238977
49 136 1.09555 1.06880 0.809771 8.29595 8.29595 2.74333 0.330022 -2.624695892 0.7979850961
53 136 1.09970 1.01154 0.833284 8.28909 8.28909 3.09926 0.324354 -3.061939715 0.4794904464
55 136 1.09212 0.969305 0.839387 8.28691 8.28691 3.30886 0.437816 -3.292873139 0.3248415465
57 136 1.08654 0.926015 0.847629 8.28543 8.28543 3.54384 0.600940 -3.538766381 0.1895144222
59 136 1.07887 0.882386 0.853483 8.28480 8.28480 3.78567 0.793856 -3.784345700 0.1000080600
61 136 1.07263 0.848236 0.857797 8.28550 8.28550 3.99233 0.997616 -3.991751559 0.06740431541
63 136 1.06910 0.828942 0.860502 8.28926 8.28926 4.12463 1.19223 -4.124167936 0.06141820573
65 136 1.06747 0.819662 0.862075 8.30554 8.30554 4.19689 1.37312 -4.196668129 0.04259203516
67 136 1.06673 0.815368 0.862838 8.51742 8.51742 4.23175 1.54076 -4.231718279 0.01487148211
69 136 1.06673 0.815368 0.862838 8.51742 8.51742 4.23175 1.54076 -4.231718279 -0.01487148211
71 136 1.06747 0.819662 0.862075 8.30554 8.30554 4.19689 1.37312 -4.196668129 -0.04259203516
73 136 1.06910 0.828942 0.860502 8.28926 8.28926 4.12463 1.19223 -4.124167936 -0.06141820573
75 136 1.07263 0.848236 0.857797 8.28550 8.28550 3.99233 0.997616 -3.991751559 -0.06740431541
77 136 1.07887 0.882386 0.853483 8.28480 8.28480 3.78567 0.793856 -3.784345700 -0.1000080600
79 136 1.08654 0.926015 0.847629 8.28543 8.28543 3.54384 0.600940 -3.538766381 -0.1895144222
81 136 1.09212 0.969305 0.839387 8.28691 8.28691 3.30886 0.437816 -3.292873139 -0.3248415465
83 136 1.09970 1.01154 0.833284 8.28909 8.28909 3.09926 0.324354 -3.061939715 -0.4794904464
87 136 1.09555 1.06880 0.809771 8.29595 8.29595 2.74333 0.330022 -2.624695892 -0.7979850961
89 136 1.07152 1.06432 0.785893 8.30235 8.30235 2.61284 0.416241 -2.432121363 -0.9548238977
91 136 1.31100 1.31483 0.956683 8.37009 8.37009 2.50923 0.517135 -2.263732091 -1.082463075
93 136 1.12184 1.13464 0.813846 8.31450 8.31450 2.40381 0.618637 -2.100584742 -1.168692072
95 136 1.10163 1.12657 0.792268 8.32243 8.32243 2.28339 0.704148 -1.933422035 -1.214800946
97 136 1.09322 1.14023 0.774643 8.33351 8.33351 2.13020 0.604221 -1.749967595 -1.214644795
99 136 1.08707 1.17469 0.753035 8.34789 8.34789 1.93437 0.486315 -1.527944783 -1.186229438
101 136 1.08064 1.22435 0.728934 8.36723 8.36723 1.72239 0.364321 -1.276712486 -1.156120042
103 136 1.06511 1.26995 0.702196 8.39202 8.39202 1.52739 0.268238 -1.017294243 -1.139300455
105 136 1.03819 1.29382 0.674334 8.42382 8.42382 1.36855 0.233349 -0.7832387333 -1.122251437
107 136 1.00960 1.31491 0.644602 8.46844 8.46844 1.21754 0.248168 -0.5770590235 -1.072097012
28 137 1.00448 1.35734 0.630183 12.0707 12.0707 1.11215 0.271542 -0.4528336920 1.015780870
29 137 1.00725 1.31928 0.641355 12.0282 12.0282 1.19992 0.251360 -0.5557233426 1.063474459
30 137 1.01998 1.30409 0.656619 11.9929 11.9929 1.27880 0.238875 -0.6553576451 1.098099151
31 137 1.03472 1.29561 0.671071 11.9630 11.9630 1.35186 0.233207 -0.7586525306 1.118909187
32 137 1.04943 1.28666 0.685185 11.9375 11.9375 1.42654 0.239202 -0.8693810013 1.131008030
33 137 1.06235 1.27386 0.698906 11.9161 11.9161 1.50671 0.260581 -0.9874706149 1.138001624
34 137 1.07255 1.25529 0.712397 11.9184 11.9184 1.59595 0.298218 -1.113136771 1.143657225
35 137 1.07937 1.23104 0.725618 11.8814 11.8814 1.69559 0.349624 -1.243284599 1.152937069
36 137 1.08357 1.20510 0.738223 11.8652 11.8652 1.80076 0.408491 -1.371814996 1.166550762
37 137 1.08641 1.18080 0.749983 11.8523 11.8523 1.90611 0.469661 -1.495374990 1.181980479
38 137 1.08866 1.15951 0.760854 11.8411 11.8411 2.00852 0.530400 -1.612502886 1.197475762
39 137 1.09007 1.14159 0.770245 11.8312 11.8312 2.10451 0.588415 -1.720850383 1.211453907
40 137 1.09481 1.13205 0.780605 11.8226 11.8226 2.18984 0.641683 -1.818663094 1.219765661
41 137 1.09973 1.12703 0.789548 11.8150 11.8150 2.26326 0.690194 -1.907692005 1.217798915
42 137 1.10688 1.12706 0.798806 11.8084 11.8084 2.32746 0.681345 -1.992044992 1.203661917
43 137 1.11731 1.13174 0.809640 11.8030 11.8030 2.38612 0.634056 -2.074696591 1.178634285
44 137 1.13606 1.14555 0.825996 11.7999 11.7999 2.44086 0.584687 -2.156208050 1.143906588
45 137 1.20146 1.20656 0.876008 11.8146 11.8146 2.49256 0.534024 -2.236996000 1.099410641
46 137 0.927660 0.927805 0.678049 11.8746 11.8746 2.54270 0.483040 -2.318170151 1.044698720
47 137 1.06091 1.05595 0.777369 11.7877 11.7877 2.59402 0.433013 -2.401958940 0.9795516218
48 137 1.08366 1.07135 0.796439 11.7806 11.7806 2.65102 0.385652 -2.491523123 0.9056405664
49 137 1.09341 1.07097 0.806818 11.7765 11.7765 2.71713 0.343361 -2.588259049 0.8268613301
50 137 1.09822 1.06312 0.814441 11.7734 11.7734 2.79271 0.309792 -2.691063853 0.7465774152
51 137 1.10033 1.05070 0.820765 11.7707 11.7707 2.87641 0.290039 -2.798095755 0.6665871198
52 137 1.10073 1.03539 0.826316 11.7684 11.7684 2.96648 0.289364 -2.907674811 0.5876885889
53 137 1.10009 1.01842 0.831373 11.7663 11.7663 3.06122 0.310435 -3.018478206 0.5097613123
54 137 1.09921 1.00070 0.836430 11.7646 11.7646 3.16024 0.351931 -3.130545707 0.4321322545
55 137 1.08930 0.974158 0.834769 11.7631 11.7631 3.26472 0.410273 -3.245328563 0.3552399449
56 137 1.09119 0.957342 0.842352 11.7618 11.7618 3.37595 0.481902 -3.364184964 0.2815031208
57 137 1.08805 0.935410 0.846187 11.7608 11.7608 3.49338 0.563987 -3.486774185 0.2146433556
58 137 1.08438 0.913046 0.849514 11.7600 11.7600 3.61431 0.654249 -3.610848788 0.1580651109
59 137 1.08040 0.891228 0.852285 11.7596 11.7596 3.73481 0.750666 -3.733055618 0.1144100514
60 137 1.07690 0.871465 0.854875 11.7596 11.7596 3.84955 0.850977 -3.848598991 0.08546300706
61 137 1.07379 0.854596 0.856978 11.7600 11.7600 3.95198 0.952462 -3.951346641 0.07054102360
62 137 1.07139 0.841495 0.858684 11.7613 11.7613 4.03645 1.05237 -4.035918378 0.06540973607
63 137 1.06969 0.832179 0.860002 11.7639 11.7639 4.10091 1.14884 -4.100415372 0.06323260464
64 137 1.06855 0.825835 0.861010 11.7690 11.7690 4.14819 1.24157 -4.147779386 0.05804622452
65 137 1.06776 0.821350 0.861779 11.7796 11.7796 4.18339 1.33126 -4.183105197 0.04832445501
66 137 1.06720 0.818119 0.862348 11.8061 11.8061 4.20932 1.41802 -4.209164798 0.03585174543
67 137 1.06684 0.816012 0.862723 11.9033 11.9033 4.22648 1.50126 -4.226413977 0.02199895057
68 137 1.06666 0.814972 0.862909 13.1555 13.1555 4.23501 1.58029 -4.234997021 0.007411106048
69 137 1.06666 0.814972 0.862909 13.1555 13.1555 4.23501 1.58029 -4.234997021 -0.007411106048
70 137 1.06684 0.816012 0.862723 11.9033 11.9033 4.22648 1.50126 -4.226413977 -0.02199895057
71 137 1.06720 0.818119 0.862348 11.8061 11.8061 4.20932 1.41802 -4.209164798 -0.03585174543
72 137 1.06776 0.821350 0.861779 11.7796 11.7796 4.18339 1.33126 -4.183105197 -0.04832445501
73 137 1.06855 0.825835 0.861010 11.7690 11.7690 4.14819 1.24157 -4.147779386 -0.05804622452
74 137 1.06969 0.832179 0.860002 11.7639 11.7639 4.10091 1.14884 -4.100415372 -0.06323260464
75 137 1.07139 0.841495 0.858684 11.7613 11.7613 4.03645 1.05237 -4.035918378 -0.06540973607
76 137 1.07379 0.854596 0.856978 11.7600 11.7600 3.95198 0.952462 -3.951346641 -0.07054102360
77 137 1.07690 0.871465 0.854875 11.7596 11.7596 3.84955 0.850977 -3.848598991 -0.08546300706
78 137 1.08040 0.891228 0.852285 11.7596 11.7596 3.73481 0.750666 -3.733055618 -0.1144100514
79 137 1.08438 0.913046 0.849514 11.7600 11.7600 3.61431 0.654249 -3.610848788 -0.1580651109
80 137 1.08805 0.935410 0.846187 11.7608 11.7608 3.49338 0.563987 -3.486774185 -0.2146433556
81 137 1.09119 0.957342 0.842352 11.7618 11.7618 3.37595 0.481902 -3.364184964 -0.2815031208
82 137 1.08930 0.974158 0.834769 11.7631 11.7631 3.26472 0.410273 -3.245328563 -0.3552399449
83 137 1.09921 1.00070 0.836430 11.7646 11.7646 3.16024 0.351931 -3.130545707 -0.4321322545
84 137 1.10009 1.01842 0.831373 11.7663 11.7663 3.06122 0.310435 -3.018478206 -0.5097613123
85 137 1.10073 1.03539 0.826316 11.7684 11.7684 2.96648 0.289364 -2.907674811 -0.5876885889
86 137 1.10033 1.05070 0.820765 11.7707 11.7707 2.87641 0.290039 -2.798095755 -0.6665871198
87 137 1.09822 1.06312 0.814441 11.7734 11.7734 2.79271 0.309792 -2.691063853 -0.7465774152
88 137 1.09341 1.07097 0.806818 11.7765 11.7765 2.71713 0.343361 -2.588259049 -0.8268613301
89 137 1.08366 1.07135 0.796439 11.7806 11.7806 2.65102 0.385652 -2.491523123 -0.9056405664
90 137 1.06091 1.05595 0.777369 11.7877 11.7877 2.59402 0.433013 -2.401958940 -0.9795516218
91 137 0.927660 0.927805 0.678049 11.8746 11.8746 2.54270 0.483040 -2.318170151 -1.044698720
92 137 1.20146 1.20656 0.876008 11.8146 11.8146 2.49256 0.534024 -2.236996000 -1.099410641
93 137 1.13606 1.14555 0.825996 11.7999 11.7999 2.44086 0.584687 -2.156208050 -1.143906588
94 137 1.11731 1.13174 0.809640 11.8030 11.8030 2.38612 0.634056 -2.074696591 -1.178634285
95 137 1.10688 1.12706 0.798806 11.8084 11.8084 2.32746 0.681345 -1.992044992 -1.203661917
96 137 1.09973 1.12703 0.789548 11.8150 11.8150 2.26326 0.690194 -1.907692005 -1.217798915
97 137 1.09481 1.13205 0.780605 11.8226 11.8226 2.18984 0.641683 -1.818663094 -1.219765661
98 137 1.09007 1.14159 0.770245 11.8312 11.8312 2.10451 0.588415 -1.720850383 -1.211453907
99 137 1.08866 1.15951 0.760854 11.8411 11.8411 2.00852 0.530400 -1.612502886 -1.197475762
100 137 1.08641 1.18080 0.749983 11.8523 11.8523 1.90611 0.469661 -1.495374990 -1.181980479
101 137 1.08357 1.20510 0.738223 11.8652 11.8652 1.80076 0.408491 -1.371814996 -1.166550762
102 137 1.07937 1.23104 0.725618 11.8814 11.8814 1.69559 0.349624 -1.243284599 -1.152937069
103 137 1.07255 1.25529 0.712397 11.9184 11.9184 1.59595 0.298218 -1.113136771 -1.143657225
104 137 1.06235 1.27386 0.698906 11.9161 11.9161 1.50671 0.260581 -0.9874706149 -1.138001624
105 137 1.04943 1.28666 0.685185 11.9375 11.9375 1.42654 0.239202 -0.8693810013 -1.131008030
106 137 1.03472 1.29561 0.671071 11.9630 11.9630 1.35186 0.233207 -0.7586525306 -1.118909187
107 137 1.01998 1.30409 0.656619 11.9929 11.9929 1.27880 0.238875 -0.6553576451 -1.098099151
108 137 1.00725 1.31928 0.641355 12.0282 12.0282 1.19992 0.251360 -0.5557233426 -1.063474459
109 137 1.00448 1.35734 0.630183 12.0707 12.0707 1.11215 0.271542 -0.4528336920 -1.015780870
29 138 1.00520 1.32440 0.638231 8.54200 8.54200 1.18214 0.254850 -0.5345224965 1.054390160
31 138 1.03123 1.29724 0.667803 8.49440 8.49440 1.33553 0.233675 -0.7348212268 1.115191450
35 138 1.07794 1.23754 0.722308 8.43693 8.43693 1.66954 0.335610 -1.210212350 1.150095448
37 138 1.08573 1.18706 0.746917 8.41364 8.41364 1.87805 0.453217 -1.462820895 1.177791675
41 138 1.09805 1.12793 0.786891 8.38641 8.38641 2.24259 0.676188 -1.881929623 1.219644102
43 138 1.11355 1.12968 0.805959 8.37747 8.37747 2.36830 0.649048 -2.049068698 1.187494487
47 138 1.04405 1.04105 0.764352 8.36947 8.36947 2.57615 0.449848 -2.372929191 1.002871553
49 138 1.09071 1.07218 0.803586 8.35849 8.35849 2.69254 0.357601 -2.553125814 0.8551447104
53 138 1.10042 1.02508 0.829472 8.35086 8.35086 3.02435 0.299776 -2.975817191 0.5396236383
55 138 1.10239 0.993046 0.842399 8.34847 8.34847 3.22232 0.385245 -3.199146560 0.3856865055
59 138 1.08239 0.900646 0.851381 8.34565 8.34565 3.68365 0.708825 -3.681300998 0.1313448260
61 138 1.07510 0.861631 0.856109 8.34566 8.34566 3.90864 0.907641 -3.907900732 0.07559654262
65 138 1.06810 0.823286 0.861443 8.35546 8.35546 4.16805 1.28936 -4.167705467 0.05337890502
67 138 1.06699 0.816899 0.862564 8.40120 8.40120 4.21923 1.46133 -4.219130096 0.02885051529
71 138 1.06699 0.816899 0.862564 8.40120 8.40120 4.21923 1.46133 -4.219130096 -0.02885051529
73 138 1.06810 0.823286 0.861443 8.35546 8.35546 4.16805 1.28936 -4.167705467 -0.05337890502
77 138 1.07510 0.861631 0.856109 8.34566 8.34566 3.90864 0.907641 -3.907900732 -0.07559654262
79 138 1.08239 0.900646 0.851381 8.34565 8.34565 3.68365 0.708825 -3.681300998 -0.1313448260
83 138 1.10239 0.993046 0.842399 8.34847 8.34847 3.22232 0.385245 -3.199146560 -0.3856865055
85 138 1.10042 1.02508 0.829472 8.35086 8.35086 3.02435 0.299776 -2.975817191 -0.5396236383
89 138 1.09071 1.07218 0.803586 8.35849 8.35849 2.69254 0.357601 -2.553125814 -0.8551447104
91 138 1.04405 1.04105 0.764352 8.36947 8.36947 2.57615 0.449848 -2.372929191 -1.002871553
95 138 1.11355 1.12968 0.805959 8.37747 8.37747 2.36830 0.649048 -2.049068698 -1.187494487
97 138 1.09805 1.12793 0.786891 8.38641 8.38641 2.24259 0.676188 -1.881929623 -1.219644102
101 138 1.08573 1.18706 0.746917 8.41364 8.41364 1.87805 0.453217 -1.462820895 -1.177791675
103 138 1.07794 1.23754 0.722308 8.43693 8.43693 1.66954 0.335610 -1.210212350 -1.150095448
107 138 1.03123 1.29724 0.667803 8.49440 8.49440 1.33553 0.233675 -0.7348212268 -1.115191450
109 138 1.00520 1.32440 0.638231 8.54200 8.54200 1.18214 0.254850 -0.5345224965 -1.054390160
28 139 1.04000 1.42652 0.648140 12.1874 12.1874 1.07488 0.282485 -0.4096846388 0.9937396842
29 139 1.00358 1.33041 0.635315 12.1324 12.1324 1.16424 0.258659 -0.5134248270 1.044915071
30 139 1.01400 1.30914 0.650049 12.0948 12.0948 1.24588 0.243525 -0.6123576181 1.084996635
31 139 1.02753 1.29850 0.664376 12.0629 12.0629 1.31946 0.234653 -0.7117162241 1.111045907
32 139 1.04283 1.29115 0.678743 12.0356 12.0356 1.39165 0.234665 -0.8174896944 1.126223321
33 139 1.05649 1.28054 0.692428 12.0125 12.0125 1.46775 0.248405 -0.9304462319 1.135136590
34 139 1.06796 1.26519 0.705819 11.9943 11.9943 1.55094 0.277819 -1.050776926 1.140724299
35 139 1.07634 1.24377 0.719012 11.9953 11.9953 1.64431 0.322369 -1.177583715 1.147616227
36 139 1.08163 1.21849 0.731791 11.9592 11.9592 1.74599 0.377457 -1.305725890 1.159107965
37 139 1.08501 1.19342 0.743832 11.9451 11.9451 1.85023 0.437014 -1.430312267 1.173681651
38 139 1.08746 1.17071 0.755012 11.9332 11.9332 1.95304 0.497368 -1.549360884 1.189051486
39 139 1.08957 1.15138 0.765324 11.9227 11.9227 2.05171 0.556346 -1.661303569 1.203981666
40 139 1.09309 1.13800 0.775549 11.9135 11.9135 2.14220 0.611659 -1.763634223 1.215974464
41 139 1.09658 1.12928 0.784277 11.9053 11.9053 2.22131 0.662074 -1.856023350 1.220396992
42 139 1.10227 1.12652 0.793127 11.8982 11.8982 2.28953 0.708467 -1.941396851 1.213634097
43 139 1.11034 1.12822 0.802639 11.8921 11.8921 2.35035 0.663606 -2.023699060 1.195301472
44 139 1.12265 1.13520 0.814579 11.8873 11.8873 2.40662 0.616145 -2.104727734 1.167007819
45 139 1.14820 1.15609 0.835696 11.8862 11.8862 2.45937 0.566930 -2.184729505 1.129355159
46 139 1.31606 1.31987 0.960393 11.9710 11.9710 2.50959 0.516765 -2.264318489 1.082079214
47 139 1.01214 1.01085 0.740379 11.8931 11.8931 2.55900 0.466667 -2.344859957 1.024729862
48 139 1.07060 1.06364 0.785135 11.8704 11.8704 2.61083 0.417983 -2.428921875 0.9574625985
49 139 1.08730 1.07229 0.799965 11.8649 11.8649 2.66950 0.372516 -2.519327654 0.8827279793
50 139 1.09512 1.06935 0.809141 11.8612 11.8612 2.73743 0.332867 -2.616570107 0.8043839623
51 139 1.09900 1.06017 0.816221 11.8583 11.8583 2.81426 0.302951 -2.719214167 0.7252106675
52 139 1.10056 1.04706 0.822223 11.8557 11.8557 2.89856 0.287900 -2.825510813 0.6466034127
53 139 1.10065 1.03148 0.827552 11.8534 11.8534 2.98859 0.292385 -2.933898883 0.5691264999
54 139 1.09987 1.01450 0.832466 11.8515 11.8515 3.08291 0.318031 -3.043324861 0.4924357663
55 139 1.09929 0.997165 0.837710 11.8498 11.8498 3.18153 0.362840 -3.154210827 0.4159786414
56 139 1.09169 0.972775 0.837775 11.8483 11.8483 3.28578 0.423245 -3.268075975 0.3405626052
57 139 1.09071 0.953497 0.843100 11.8471 11.8471 3.39667 0.495966 -3.386003436 0.2688601361
58 139 1.08746 0.931704 0.846765 11.8461 11.8461 3.51324 0.578413 -3.507280384 0.2044937047
59 139 1.08381 0.909711 0.849988 11.8455 11.8455 3.63266 0.668472 -3.629528543 0.1505826154
60 139 1.07993 0.888414 0.852683 11.8451 11.8451 3.75098 0.764204 -3.749371878 0.1095662214
61 139 1.07649 0.869224 0.855156 11.8451 11.8451 3.86287 0.863383 -3.861977739 0.08293633437
62 139 1.07350 0.852997 0.857186 11.8457 11.8457 3.96204 0.963364 -3.961420654 0.06962364240
63 139 1.07120 0.840470 0.858823 11.8470 11.8470 4.04332 1.06156 -4.042790421 0.06519359383
64 139 1.06958 0.831584 0.860092 11.8498 11.8498 4.10521 1.15631 -4.104721565 0.06298495655
65 139 1.06849 0.825499 0.861066 11.8551 11.8551 4.15079 1.24746 -4.150382512 0.05754293084
66 139 1.06773 0.821159 0.861813 11.8661 11.8661 4.18491 1.33570 -4.184630706 0.04774514024
67 139 1.06719 0.818024 0.862364 11.8936 11.8936 4.21009 1.42108 -4.209937156 0.03537264294
68 139 1.06683 0.815978 0.862729 11.9944 11.9944 4.22675 1.50301 -4.226690275 0.02168993540
69 139 1.06666 0.814968 0.862910 13.2940 13.2940 4.23504 1.58084 -4.235027624 0.007304742979
70 139 1.06666 0.814968 0.862910 13.2940 13.2940 4.23504 1.58084 -4.235027624 -0.007304742979
71 139 1.06683 0.815978 0.862729 11.9944 11.9944 4.22675 1.50301 -4.226690275 -0.02168993540
72 139 1.06719 0.818024 0.862364 11.8936 11.8936 4.21009 1.42108 -4.209937156 -0.03537264294
73 139 1.06773 0.821159 0.861813 11.8661 11.8661 4.18491 1.33570 -4.184630706 -0.04774514024
74 139 1.06849 0.825499 0.861066 11.8551 11.8551 4.15079 1.24746 -4.150382512 -0.05754293084
75 139 1.06958 0.831584 0.860092 11.8498 11.8498 4.10521 1.15631 -4.104721565 -0.06298495655
76 139 1.07120 0.840470 0.858823 11.8470 11.8470 4.04332 1.06156 -4.042790421 -0.06519359383
77 139 1.07350 0.852997 0.857186 11.8457 11.8457 3.96204 0.963364 -3.961420654 -0.06962364240
78 139 1.07649 0.869224 0.855156 11.8451 11.8451 3.86287 0.863383 -3.861977739 -0.08293633437
79 139 1.07993 0.888414 0.852683 11.8451 11.8451 3.75098 0.764204 -3.749371878 -0.1095662214
80 139 1.08381 0.909711 0.849988 11.8455 11.8455 3.63266 0.668472 -3.629528543 -0.1505826154
81 139 1.08746 0.931704 0.846765 11.8461 11.8461 3.51324 0.578413 -3.507280384 -0.2044937047
82 139 1.09071 0.953497 0.843100 11.8471 11.8471 3.39667 0.495966 -3.386003436 -0.2688601361
83 139 1.09169 0.972775 0.837775 11.8483 11.8483 3.28578 0.423245 -3.268075975 -0.3405626052
84 139 1.09929 0.997165 0.837710 11.8498 11.8498 3.18153 0.362840 -3.154210827 -0.4159786414
85 139 1.09987 1.01450 0.832466 11.8515 11.8515 3.08291 0.318031 -3.043324861 -0.4924357663
86 139 1.10065 1.03148 0.827552 11.8534 11.8534 2.98859 0.292385 -2.933898883 -0.5691264999
87 139 1.10056 1.04706 0.822223 11.8557 11.8557 2.89856 0.287900 -2.825510813 -0.6466034127
88 139 1.09900 1.06017 0.816221 11.8583 11.8583 2.81426 0.302951 -2.719214167 -0.7252106675
89 139 1.09512 1.06935 0.809141 11.8612 11.8612 2.73743 0.332867 -2.616570107 -0.8043839623
90 139 1.08730 1.07229 0.799965 11.8649 11.8649 2.66950 0.372516 -2.519327654 -0.8827279793
91 139 1.07060 1.06364 0.785135 11.8704 11.8704 2.61083 0.417983 -2.428921875 -0.9574625985
92 139 1.01214 1.01085 0.740379 11.8931 11.8931 2.55900 0.466667 -2.344859957 -1.024729862
93 139 1.31606 1.31987 0.960393 11.9710 11.9710 2.50959 0.516765 -2.264318489 -1.082079214
94 139 1.14820 1.15609 0.835696 11.8862 11.8862 2.45937 0.566930 -2.184729505 -1.129355159
95 139 1.12265 1.13520 0.814579 11.8873 11.8873 2.40662 0.616145 -2.104727734 -1.167007819
96 139 1.11034 1.12822 0.802639 11.8921 11.8921 2.35035 0.663606 -2.023699060 -1.195301472
97 139 1.10227 1.12652 0.793127 11.8982 11.8982 2.28953 0.708467 -1.941396851 -1.213634097
98 139 1.09658 1.12928 0.784277 11.9053 11.9053 2.22131 0.662074 -1.856023350 -1.220396992
99 139 1.09309 1.13800 0.775549 11.9135 11.9135 2.14220 0.611659 -1.763634223 -1.215974464
100 139 1.08957 1.15138 0.765324 11.9227 11.9227 2.05171 0.556346 -1.661303569 -1.203981666
101 139 1.08746 1.17071 0.755012 11.9332 11.9332 1.95304 0.497368 -1.549360884 -1.189051486
102 139 1.08501 1.19342 0.743832 11.9451 11.9451 1.85023 0.437014 -1.430312267 -1.173681651
103 139 1.08163 1.21849 0.731791 11.9592 11.9592 1.74599 0.377457 -1.305725890 -1.159107965
104 139 1.07634 1.24377 0.719012 11.9953 11.9953 1.64431 0.322369 -1.177583715 -1.147616227
105 139 1.06796 1.26519 0.705819 11.9943 11.9943 1.55094 0.277819 -1.050776926 -1.140724299
106 139 1.05649 1.28054 0.692428 12.0125 12.0125 1.46775 0.248405 -0.9304462319 -1.135136590
107 139 1.04283 1.29115 0.678743 12.0356 12.0356 1.39165 0.234665 -0.8174896944 -1.126223321
108 139 1.02753 1.29850 0.664376 12.0629 12.0629 1.31946 0.234653 -0.7117162241 -1.111045907
109 139 1.01400 1.30914 0.650049 12.0948 12.0948 1.24588 0.243525 -0.6123576181 -1.084996635
110 139 1.00358 1.33041 0.635315 12.1324 12.1324 1.16424 0.258659 -0.5134248270 -1.044915071
111 139 1.04000 1.42652 0.648140 12.1874 12.1874 1.07488 0.282485 -0.4096846388 -0.9937396842
29 140 1.00259 1.33761 0.632751 8.61585 8.61585 1.14627 0.262797 -0.4924140081 1.035106764
31 140 1.02528 1.30155 0.661851 8.56504 8.56504 1.30357 0.236045 -0.6892897885 1.106419117
33 140 1.05343 1.28339 0.689235 8.52819 8.52819 1.44931 0.243790 -0.9031796357 1.133463255
37 140 1.08424 1.19987 0.740731 8.47924 8.47924 1.82270 0.421089 -1.397874784 1.169677377
39 140 1.08901 1.15637 0.762553 8.46283 8.46283 2.02485 0.540186 -1.630985086 1.199952508
41 140 1.09529 1.13112 0.781694 8.45015 8.45015 2.19937 0.647803 -1.829872145 1.220147897
43 140 1.10755 1.12725 0.799576 8.44039 8.44039 2.33223 0.677722 -1.998583018 1.202064108
47 140 0.924095 0.924268 0.675432 8.49084 8.49084 2.54234 0.483403 -2.317584604 1.045126818
51 140 1.09791 1.06407 0.813800 8.41586 8.41586 2.78533 0.312414 -2.681312115 0.7540381339
53 140 1.10075 1.03759 0.825597 8.41229 8.41229 2.95395 0.288197 -2.892710966 0.5983252250
57 140 1.09170 0.961968 0.841368 8.40755 8.40755 3.35072 0.465051 -3.337497581 0.2973736971
59 140 1.08537 0.918927 0.848670 8.40623 8.40623 3.58221 0.629713 -3.578083817 0.1718606818
61 140 1.07795 0.877285 0.854138 8.40575 8.40575 3.81531 0.819909 -3.814178806 0.09276238044
67 140 1.06742 0.819385 0.862124 8.42838 8.42838 4.19911 1.38061 -4.198901537 0.04150738635
69 140 1.06672 0.815339 0.862843 8.65631 8.65631 4.23199 1.54303 -4.231963470 0.01445093737
71 140 1.06672 0.815339 0.862843 8.65631 8.65631 4.23199 1.54303 -4.231963470 -0.01445093737
73 140 1.06742 0.819385 0.862124 8.42838 8.42838 4.19911 1.38061 -4.198901537 -0.04150738635
79 140 1.07795 0.877285 0.854138 8.40575 8.40575 3.81531 0.819909 -3.814178806 -0.09276238044
81 140 1.08537 0.918927 0.848670 8.40623 8.40623 3.58221 0.629713 -3.578083817 -0.1718606818
83 140 1.09170 0.961968 0.841368 8.40755 8.40755 3.35072 0.465051 -3.337497581 -0.2973736971
87 140 1.10075 1.03759 0.825597 8.41229 8.41229 2.95395 0.288197 -2.892710966 -0.5983252250
89 140 1.09791 1.06407 0.813800 8.41586 8.41586 2.78533 0.312414 -2.681312115 -0.7540381339
93 140 0.924095 0.924268 0.675432 8.49084 8.49084 2.54234 0.483403 -2.317584604 -1.045126818
97 140 1.10755 1.12725 0.799576 8.44039 8.44039 2.33223 0.677722 -1.998583018 -1.202064108
99 140 1.09529 1.13112 0.781694 8.45015 8.45015 2.19937 0.647803 -1.829872145 -1.220147897
101 140 1.08901 1.15637 0.762553 8.46283 8.46283 2.02485 0.540186 -1.630985086 -1.199952508
103 140 1.08424 1.19987 0.740731 8.47924 8.47924 1.82270 0.421089 -1.397874784 -1.169677377
107 140 1.05343 1.28339 0.689235 8.52819 8.52819 1.44931 0.243790 -0.9031796357 -1.133463255
109 140 1.02528 1.30155 0.661851 8.56504 8.56504 1.30357 0.236045 -0.6892897885 -1.106419117
111 140 1.00259 1.33761 0.632751 8.61585 8.61585 1.14627 0.262797 -0.4924140081 -1.035106764
29 141 1.00267 1.34662 0.630829 12.2372 12.2372 1.12825 0.267268 -0.4714771969 1.025009658
31 141 1.02176 1.30299 0.658448 12.1628 12.1628 1.28776 0.237772 -0.6674762185 1.101265744
32 141 1.03613 1.29490 0.672395 12.1338 12.1338 1.35859 0.233186 -0.7685485846 1.120309571
34 141 1.06276 1.27331 0.699387 12.0881 12.0881 1.50969 0.261639 -0.9918003537 1.138195314
35 141 1.07261 1.25514 0.712492 12.0923 12.0923 1.59662 0.298540 -1.114051062 1.143705546
37 141 1.08340 1.20637 0.737616 12.0378 12.0378 1.79550 0.405484 -1.365536084 1.165811568
38 141 1.08622 1.18260 0.749097 12.0250 12.0250 1.89796 0.464878 -1.485948339 1.180761082
40 141 1.09027 1.14414 0.769327 12.0040 12.0040 2.09212 0.580846 -1.706859289 1.209786174
41 141 1.09420 1.13345 0.779142 11.9953 11.9953 2.17675 0.633346 -1.803395239 1.219009562
43 141 1.10509 1.12668 0.796697 11.9810 11.9810 2.31392 0.691390 -1.973701132 1.207773994
44 141 1.11427 1.13004 0.806679 11.9753 11.9753 2.37196 0.646017 -2.054289729 1.185768517
46 141 1.16770 1.17409 0.850703 11.9748 11.9748 2.47705 0.549558 -2.212384895 1.114039454
49 141 1.07731 1.06819 0.790762 11.9534 11.9534 2.62782 0.403677 -2.455740316 0.9352827407
50 141 1.09015 1.07229 0.802966 11.9488 11.9488 2.68828 0.360241 -2.546943008 0.8601647798
52 141 1.09959 1.05705 0.817878 11.9425 11.9425 2.83573 0.297343 -2.746819920 0.7044927771
53 141 1.10069 1.04337 0.823598 11.9401 11.9401 2.92044 0.287059 -2.852277801 0.6272625554
55 141 1.09964 1.01065 0.833530 11.9360 11.9360 3.10419 0.326357 -3.067533339 0.4756069700
56 141 1.09988 0.994153 0.839357 11.9344 11.9344 3.20246 0.374108 -3.177333727 0.4003209080
58 141 1.09019 0.949706 0.843796 11.9318 11.9318 3.41698 0.509941 -3.407314399 0.2568116601
59 141 1.08688 0.928098 0.847316 11.9309 11.9309 3.53262 0.592635 -3.527232736 0.1949156483
61 141 1.07945 0.885699 0.853049 11.9300 11.9300 3.76657 0.777423 -3.765094168 0.1051290394
62 141 1.07610 0.867091 0.855424 11.9301 11.9301 3.87563 0.875450 -3.874781739 0.08068210209
64 141 1.07103 0.839507 0.858954 11.9322 11.9322 4.04982 1.07045 -4.049296178 0.06500196260
65 141 1.06948 0.831023 0.860178 11.9350 11.9350 4.10929 1.16354 -4.108804067 0.06272176546
67 141 1.06770 0.820977 0.861845 11.9520 11.9520 4.18636 1.34001 -4.186091040 0.04717611380
68 141 1.06717 0.817933 0.862380 11.9805 11.9805 4.21083 1.42405 -4.210676682 0.03490551253
70 141 1.06666 0.814965 0.862910 13.4331 13.4331 4.23507 1.58138 -4.235056934 0.007201385970
71 141 1.06666 0.814965 0.862910 13.4331 13.4331 4.23507 1.58138 -4.235056934 -0.007201385970
73 141 1.06717 0.817933 0.862380 11.9805 11.9805 4.21083 1.42405 -4.210676682 -0.03490551253
74 141 1.06770 0.820977 0.861845 11.9520 11.9520 4.18636 1.34001 -4.186091040 -0.04717611380
76 141 1.06948 0.831023 0.860178 11.9350 11.9350 4.10929 1.16354 -4.108804067 -0.06272176546
77 141 1.07103 0.839507 0.858954 11.9322 11.9322 4.04982 1.07045 -4.049296178 -0.06500196260
79 141 1.07610 0.867091 0.855424 11.9301 11.9301 3.87563 0.875450 -3.874781739 -0.08068210209
80 141 1.07945 0.885699 0.853049 11.9300 11.9300 3.76657 0.777423 -3.765094168 -0.1051290394
82 141 1.08688 0.928098 0.847316 11.9309 11.9309 3.53262 0.592635 -3.527232736 -0.1949156483
83 141 1.09019 0.949706 0.843796 11.9318 11.9318 3.41698 0.509941 -3.407314399 -0.2568116601
85 141 1.09988 0.994153 0.839357 11.9344 11.9344 3.20246 0.374108 -3.177333727 -0.4003209080
86 141 1.09964 1.01065 0.833530 11.9360 11.9360 3.10419 0.326357 -3.067533339 -0.4756069700
88 141 1.10069 1.04337 0.823598 11.9401 11.9401 2.92044 0.287059 -2.852277801 -0.6272625554
89 141 1.09959 1.05705 0.817878 11.9425 11.9425 2.83573 0.297343 -2.746819920 -0.7044927771
91 141 1.09015 1.07229 0.802966 11.9488 11.9488 2.68828 0.360241 -2.546943008 -0.8601647798
92 141 1.07731 1.06819 0.790762 11.9534 11.9534 2.62782 0.403677 -2.455740316 -0.9352827407
95 141 1.16770 1.17409 0.850703 11.9748 11.9748 2.47705 0.549558 -2.212384895 -1.114039454
97 141 1.11427 1.13004 0.806679 11.9753 11.9753 2.37196 0.646017 -2.054289729 -1.185768517
98 141 1.10509 1.12668 0.796697 11.9810 11.9810 2.31392 0.691390 -1.973701132 -1.207773994
100 141 1.09420 1.13345 0.779142 11.9953 11.9953 2.17675 0.633346 -1.803395239 -1.219009562
101 141 1.09027 1.14414 0.769327 12.0040 12.0040 2.09212 0.580846 -1.706859289 -1.209786174
103 141 1.08622 1.18260 0.749097 12.0250 12.0250 1.89796 0.464878 -1.485948339 -1.180761082
104 141 1.08340 1.20637 0.737616 12.0378 12.0378 1.79550 0.405484 -1.365536084 -1.165811568
106 141 1.07261 1.25514 0.712492 12.0923 12.0923 1.59662 0.298540 -1.114051062 -1.143705546
107 141 1.06276 1.27331 0.699387 12.0881 12.0881 1.50969 0.261639 -0.9918003537 -1.138195314
109 141 1.03613 1.29490 0.672395 12.1338 12.1338 1.35859 0.233186 -0.7685485846 -1.120309571
110 141 1.02176 1.30299 0.658448 12.1628 12.1628 1.28776 0.237772 -0.6674762185 -1.101265744
112 141 1.00267 1.34662 0.630829 12.2372 12.2372 1.12825 0.267268 -0.4714771969 -1.025009658
29 142 1.00489 1.35890 0.630220 8.69036 8.69036 1.11022 0.272072 -0.4505990102 1.014661147
31 142 1.01866 1.30502 0.655232 8.63578 8.63578 1.27194 0.239771 -0.6461965154 1.095554363
33 142 1.04715 1.28832 0.682931 8.59650 8.59650 1.41415 0.237240 -0.8509543290 1.129461485
35 142 1.07047 1.26019 0.709278 8.57132 8.57132 1.57423 0.288072 -1.083327366 1.142178807
37 142 1.08249 1.21289 0.734490 8.54477 8.54477 1.76870 0.390245 -1.333327935 1.162119678
39 142 1.08786 1.16704 0.756898 8.52717 8.52717 1.97081 0.507913 -1.569652908 1.191744365
41 142 1.09334 1.13635 0.776654 8.51366 8.51366 2.15347 0.618691 -1.776536275 1.217107618
43 142 1.10290 1.12650 0.793954 8.50315 8.50315 2.29535 0.704602 -1.949010447 1.212415682
45 142 1.12346 1.13576 0.815300 8.49566 8.49566 2.40929 0.613754 -2.108692978 1.165371619
47 142 1.32114 1.32492 0.964114 8.55854 8.55854 2.50994 0.516410 -2.264880152 1.081711060
49 142 1.06968 1.06296 0.784384 8.48391 8.48391 2.60891 0.419655 -2.425865952 0.9599801707
51 142 1.09469 1.06984 0.808526 8.47734 8.47734 2.73183 0.335650 -2.608820850 0.8105081428
53 142 1.10046 1.04878 0.821545 8.47340 8.47340 2.88813 0.288745 -2.812645389 0.6559583700
55 142 1.10003 1.01731 0.831684 8.47040 8.47040 3.06737 0.312491 -3.025533110 0.5048368627
57 142 1.08910 0.974108 0.834574 8.46819 8.46819 3.26396 0.409812 -3.244506900 0.3557743664
59 142 1.08832 0.937142 0.845912 8.46652 8.46652 3.48411 0.557309 -3.477187869 0.2194931986
61 142 1.08082 0.894237 0.851776 8.46566 8.46566 3.71721 0.736102 -3.715266055 0.1199646073
63 142 1.07444 0.857993 0.856572 8.46585 8.46585 3.93099 0.930351 -3.930315038 0.07276220241
65 142 1.07011 0.834514 0.859657 8.46808 8.46808 4.08427 1.12139 -4.083763987 0.06397066050
67 142 1.06802 0.822800 0.861527 8.47657 8.47657 4.17188 1.29936 -4.171551776 0.05224471246
69 142 1.06697 0.816783 0.862585 8.52575 8.52575 4.22017 1.46598 -4.220073728 0.02807197310
73 142 1.06697 0.816783 0.862585 8.52575 8.52575 4.22017 1.46598 -4.220073728 -0.02807197310
75 142 1.06802 0.822800 0.861527 8.47657 8.47657 4.17188 1.29936 -4.171551776 -0.05224471246
77 142 1.07011 0.834514 0.859657 8.46808 8.46808 4.08427 1.12139 -4.083763987 -0.06397066050
79 142 1.07444 0.857993 0.856572 8.46585 8.46585 3.93099 0.930351 -3.930315038 -0.07276220241
81 142 1.08082 0.894237 0.851776 8.46566 8.46566 3.71721 0.736102 -3.715266055 -0.1199646073
83 142 1.08832 0.937142 0.845912 8.46652 8.46652 3.48411 0.557309 -3.477187869 -0.2194931986
85 142 1.08910 0.974108 0.834574 8.46819 8.46819 3.26396 0.409812 -3.244506900 -0.3557743664
87 142 1.10003 1.01731 0.831684 8.47040 8.47040 3.06737 0.312491 -3.025533110 -0.5048368627
89 142 1.10046 1.04878 0.821545 8.47340 8.47340 2.88813 0.288745 -2.812645389 -0.6559583700
91 142 1.09469 1.06984 0.808526 8.47734 8.47734 2.73183 0.335650 -2.608820850 -0.8105081428
93 142 1.06968 1.06296 0.784384 8.48391 8.48391 2.60891 0.419655 -2.425865952 -0.9599801707
95 142 1.32114 1.32492 0.964114 8.55854 8.55854 2.50994 0.516410 -2.264880152 -1.081711060
97 142 1.12346 1.13576 0.815300 8.49566 8.49566 2.40929 0.613754 -2.108692978 -1.165371619
99 142 1.10290 1.12650 0.793954 8.50315 8.50315 2.29535 0.704602 -1.949010447 -1.212415682
101 142 1.09334 1.13635 0.776654 8.51366 8.51366 2.15347 0.618691 -1.776536275 -1.217107618
103 142 1.08786 1.16704 0.756898 8.52717 8.52717 1.97081 0.507913 -1.569652908 -1.191744365
105 142 1.08249 1.21289 0.734490 8.54477 8.54477 1.76870 0.390245 -1.333327935 -1.162119678
107 142 1.07047 1.26019 0.709278 8.57132 8.57132 1.57423 0.288072 -1.083327366 -1.142178807
109 142 1.04715 1.28832 0.682931 8.59650 8.59650 1.41415 0.237240 -0.8509543290 -1.129461485
111 142 1.01866 1.30502 0.655232 8.63578 8.63578 1.27194 0.239771 -0.6461965154 -1.095554363
113 142 1.00489 1.35890 0.630220 8.69036 8.69036 1.11022 0.272072 -0.4505990102 -1.014661147
29 143 1.01249 1.37896 0.632955 12.3441 12.3441 1.09221 0.277211 -0.4297608150 1.004096765
30 143 1.00478 1.32571 0.637528 12.2991 12.2991 1.17798 0.255710 -0.5295912320 1.052211894
31 143 1.01575 1.30741 0.652051 12.2630 12.2630 1.25603 0.242002 -0.6253629942 1.089270644
32 143 1.02934 1.29802 0.666038 12.2321 12.2321 1.32696 0.234137 -0.7224588340 1.113045888
34 143 1.05711 1.27992 0.693089 12.1830 12.1830 1.47162 0.249473 -0.9361603426 1.135457891
35 143 1.06817 1.26481 0.706098 12.1654 12.1654 1.55278 0.278606 -1.053380881 1.140836691
36 143 1.07629 1.24393 0.718921 12.1681 12.1681 1.64362 0.322013 -1.176684635 1.147552580
37 143 1.08149 1.21938 0.731355 12.1306 12.1306 1.74236 0.375427 -1.301287387 1.158638427
38 143 1.08483 1.19494 0.743099 12.1166 12.1166 1.84368 0.433216 -1.422622304 1.172722561
40 143 1.08933 1.15347 0.764153 12.0942 12.0942 2.04032 0.549482 -1.648455342 1.202282679
41 143 1.09326 1.14038 0.774618 12.0850 12.0850 2.12958 0.603838 -1.749262979 1.214572986
42 143 1.09579 1.13031 0.782736 12.0768 12.0768 2.20833 0.653600 -1.840492368 1.220362595
43 143 1.10094 1.12668 0.791311 12.0696 12.0696 2.27643 0.699282 -1.924443097 1.215980117
45 143 1.11881 1.13266 0.811064 12.0582 12.0582 2.39243 0.628622 -2.083871206 1.175225268
46 143 1.13808 1.14725 0.827643 12.0555 12.0555 2.44456 0.581176 -2.161872508 1.141116790
47 143 1.20619 1.21117 0.879517 12.0725 12.0725 2.49398 0.532597 -2.239254149 1.098021501
48 143 0.920545 0.920744 0.672826 12.1400 12.1400 2.54200 0.483750 -2.317023743 1.045536447
49 143 1.05871 1.05408 0.775642 12.0437 12.0437 2.59105 0.435760 -2.397146454 0.9834572453
50 143 1.08226 1.07079 0.795142 12.0363 12.0363 2.64507 0.390111 -2.482436262 0.9131588461
51 143 1.09242 1.07156 0.805589 12.0322 12.0322 2.70730 0.348852 -2.574323801 0.8380290161
53 143 1.10003 1.05378 0.819429 12.0263 12.0263 2.85706 0.292969 -2.773866147 0.6844090827
54 143 1.10075 1.03967 0.824899 12.0239 12.0239 2.94202 0.287459 -2.878396351 0.6085351316
56 143 1.09944 1.00690 0.834580 12.0200 12.0200 3.12508 0.335307 -3.091142328 0.4592540041
57 143 1.10259 0.993105 0.842596 12.0185 12.0185 3.22305 0.385662 -3.199945648 0.3851531889
58 143 1.09204 0.966232 0.840319 12.0171 12.0171 3.32687 0.449412 -3.312122228 0.3128568797
59 143 1.08966 0.945980 0.844450 12.0160 12.0160 3.43690 0.523804 -3.428124046 0.2453418592
60 143 1.08631 0.924593 0.847840 12.0151 12.0151 3.55151 0.606645 -3.546641023 0.1858842575
61 143 1.08277 0.903411 0.850904 12.0145 12.0145 3.66773 0.696091 -3.665159000 0.1371020226
62 143 1.07899 0.883091 0.853391 12.0143 12.0143 3.78159 0.790327 -3.780239041 0.1010713730
63 143 1.07573 0.865061 0.855678 12.0144 12.0144 3.88783 0.887185 -3.887033148 0.07867557095
64 143 1.07296 0.850053 0.857563 12.0151 12.0151 3.98069 0.984189 -3.980103790 0.06816362472
67 143 1.06838 0.824874 0.861171 12.0254 12.0254 4.15563 1.25872 -4.155237065 0.05652306105
68 143 1.06767 0.820802 0.861875 12.0373 12.0373 4.18775 1.34419 -4.187489910 0.04661742664
69 143 1.06716 0.817847 0.862396 12.0668 12.0668 4.21153 1.42693 -4.211385213 0.03444994748
70 143 1.06682 0.815915 0.862740 12.1751 12.1751 4.22727 1.50636 -4.227208421 0.02109691098
71 143 1.06666 0.814961 0.862911 13.5729 13.5729 4.23510 1.58190 -4.235085023 0.007100909514
72 143 1.06666 0.814961 0.862911 13.5729 13.5729 4.23510 1.58190 -4.235085023 -0.007100909514
73 143 1.06682 0.815915 0.862740 12.1751 12.1751 4.22727 1.50636 -4.227208421 -0.02109691098
74 143 1.06716 0.817847 0.862396 12.0668 12.0668 4.21153 1.42693 -4.211385213 -0.03444994748
75 143 1.06767 0.820802 0.861875 12.0373 12.0373 4.18775 1.34419 -4.187489910 -0.04661742664
76 143 1.06838 0.824874 0.861171 12.0254 12.0254 4.15563 1.25872 -4.155237065 -0.05652306105
79 143 1.07296 0.850053 0.857563 12.0151 12.0151 3.98069 0.984189 -3.980103790 -0.06816362472
80 143 1.07573 0.865061 0.855678 12.0144 12.0144 3.88783 0.887185 -3.887033148 -0.07867557095
81 143 1.07899 0.883091 0.853391 12.0143 12.0143 3.78159 0.790327 -3.780239041 -0.1010713730
82 143 1.08277 0.903411 0.850904 12.0145 12.0145 3.66773 0.696091 -3.665159000 -0.1371020226
83 143 1.08631 0.924593 0.847840 12.0151 12.0151 3.55151 0.606645 -3.546641023 -0.1858842575
84 143 1.08966 0.945980 0.844450 12.0160 12.0160 3.43690 0.523804 -3.428124046 -0.2453418592
85 143 1.09204 0.966232 0.840319 12.0171 12.0171 3.32687 0.449412 -3.312122228 -0.3128568797
86 143 1.10259 0.993105 0.842596 12.0185 12.0185 3.22305 0.385662 -3.199945648 -0.3851531889
87 143 1.09944 1.00690 0.834580 12.0200 12.0200 3.12508 0.335307 -3.091142328 -0.4592540041
89 143 1.10075 1.03967 0.824899 12.0239 12.0239 2.94202 0.287459 -2.878396351 -0.6085351316
90 143 1.10003 1.05378 0.819429 12.0263 12.0263 2.85706 0.292969 -2.773866147 -0.6844090827
92 143 1.09242 1.07156 0.805589 12.0322 12.0322 2.70730 0.348852 -2.574323801 -0.8380290161
93 143 1.08226 1.07079 0.795142 12.0363 12.0363 2.64507 0.390111 -2.482436262 -0.9131588461
94 143 1.05871 1.05408 0.775642 12.0437 12.0437 2.59105 0.435760 -2.397146454 -0.9834572453
95 143 0.920545 0.920744 0.672826 12.1400 12.1400 2.54200 0.483750 -2.317023743 -1.045536447
96 143 1.20619 1.21117 0.879517 12.0725 12.0725 2.49398 0.532597 -2.239254149 -1.098021501
97 143 1.13808 1.14725 0.827643 12.0555 12.0555 2.44456 0.581176 -2.161872508 -1.141116790
98 143 1.11881 1.13266 0.811064 12.0582 12.0582 2.39243 0.628622 -2.083871206 -1.175225268
100 143 1.10094 1.12668 0.791311 12.0696 12.0696 2.27643 0.699282 -1.924443097 -1.215980117
101 143 1.09579 1.13031 0.782736 12.0768 12.0768 2.20833 0.653600 -1.840492368 -1.220362595
102 143 1.09326 1.14038 0.774618 12.0850 12.0850 2.12958 0.603838 -1.749262979 -1.214572986
103 143 1.08933 1.15347 0.764153 12.0942 12.0942 2.04032 0.549482 -1.648455342 -1.202282679
105 143 1.08483 1.19494 0.743099 12.1166 12.1166 1.84368 0.433216 -1.422622304 -1.172722561
106 143 1.08149 1.21938 0.731355 12.1306 12.1306 1.74236 0.375427 -1.301287387 -1.158638427
107 143 1.07629 1.24393 0.718921 12.1681 12.1681 1.64362 0.322013 -1.176684635 -1.147552580
108 143 1.06817 1.26481 0.706098 12.1654 12.1654 1.55278 0.278606 -1.053380881 -1.140836691
109 143 1.05711 1.27992 0.693089 12.1830 12.1830 1.47162 0.249473 -0.9361603426 -1.135457891
111 143 1.02934 1.29802 0.666038 12.2321 12.2321 1.32696 0.234137 -0.7224588340 -1.113045888
112 143 1.01575 1.30741 0.652051 12.2630 12.2630 1.25603 0.242002 -0.6253629942 -1.089270644
113 143 1.00478 1.32571 0.637528 12.2991 12.2991 1.17798 0.255710 -0.5295912320 -1.052211894
114 143 1.01249 1.37896 0.632955 12.3441 12.3441 1.09221 0.277211 -0.4297608150 -1.004096765
29 144 1.04218 1.42990 0.649427 8.77224 8.77224 1.07424 0.282687 -0.4089411346 0.9933533539
31 144 1.01303 1.31022 0.648896 8.70663 8.70663 1.23997 0.244445 -0.6048841541 1.082420368
35 144 1.06572 1.26900 0.702953 8.63464 8.63464 1.53224 0.270141 -1.024237613 1.139595220
37 144 1.08038 1.22581 0.728217 8.61053 8.61053 1.71654 0.361090 -1.269458634 1.155404527
41 144 1.09003 1.14143 0.770270 8.57694 8.57694 2.10514 0.588803 -1.721566059 1.211537188
43 144 1.09920 1.12725 0.788739 8.56569 8.56569 2.25707 0.685968 -1.899911969 1.218476194
47 144 1.16928 1.17558 0.851897 8.55732 8.55732 2.47808 0.548529 -2.214018417 1.113097596
49 144 1.04126 1.03848 0.762228 8.55022 8.55022 2.57402 0.451910 -2.369444045 1.005627076
53 144 1.09937 1.05830 0.817237 8.53419 8.53419 2.82727 0.299409 -2.735989047 0.7125942493
55 144 1.10060 1.02999 0.828008 8.53090 8.53090 2.99695 0.293839 -2.943741169 0.5621825095
59 144 1.09084 0.954528 0.842904 8.52652 8.52652 3.39113 0.492188 -3.380179428 0.2722049157
61 144 1.08425 0.912278 0.849623 8.52533 8.52533 3.61853 0.657506 -3.615145924 0.1563189375
65 144 1.07173 0.843324 0.858440 8.52611 8.52611 4.02431 1.03662 -4.023766971 0.06584070843
67 144 1.06880 0.827247 0.860776 8.53066 8.53066 4.13739 1.21806 -4.136949673 0.05984005217
71 144 1.06672 0.815312 0.862848 8.79430 8.79430 4.23222 1.54518 -4.232188493 0.01405340568
73 144 1.06672 0.815312 0.862848 8.79430 8.79430 4.23222 1.54518 -4.232188493 -0.01405340568
77 144 1.06880 0.827247 0.860776 8.53066 8.53066 4.13739 1.21806 -4.136949673 -0.05984005217
79 144 1.07173 0.843324 0.858440 8.52611 8.52611 4.02431 1.03662 -4.023766971 -0.06584070843
83 144 1.08425 0.912278 0.849623 8.52533 8.52533 3.61853 0.657506 -3.615145924 -0.1563189375
85 144 1.09084 0.954528 0.842904 8.52652 8.52652 3.39113 0.492188 -3.380179428 -0.2722049157
89 144 1.10060 1.02999 0.828008 8.53090 8.53090 2.99695 0.293839 -2.943741169 -0.5621825095
91 144 1.09937 1.05830 0.817237 8.53419 8.53419 2.82727 0.299409 -2.735989047 -0.7125942493
95 144 1.04126 1.03848 0.762228 8.55022 8.55022 2.57402 0.451910 -2.369444045 -1.005627076
97 144 1.16928 1.17558 0.851897 8.55732 8.55732 2.47808 0.548529 -2.214018417 -1.113097596
101 144 1.09920 1.12725 0.788739 8.56569 8.56569 2.25707 0.685968 -1.899911969 -1.218476194
103 144 1.09003 1.14143 0.770270 8.57694 8.57694 2.10514 0.588803 -1.721566059 -1.211537188
107 144 1.08038 1.22581 0.728217 8.61053 8.61053 1.71654 0.361090 -1.269458634 -1.155404527
109 144 1.06572 1.26900 0.702953 8.63464 8.63464 1.53224 0.270141 -1.024237613 -1.139595220
113 144 1.01303 1.31022 0.648896 8.70663 8.70663 1.23997 0.244445 -0.6048841541 -1.082420368
115 144 1.04218 1.42990 0.649427 8.77224 8.77224 1.07424 0.282687 -0.4089411346 -0.9933533539
31 145 1.01050 1.31352 0.645774 12.3633 12.3633 1.22374 0.247101 -0.5846720870 1.075031338
32 145 1.02353 1.30209 0.660198 12.3305 12.3305 1.29616 0.236817 -0.6789929316 1.104071321
33 145 1.03745 1.29421 0.673641 12.3023 12.3023 1.36498 0.233263 -0.7779595353 1.121571539
34 145 1.05115 1.28532 0.686905 12.2781 12.2781 1.43613 0.240982 -0.8836311577 1.132099979
36 145 1.07266 1.25499 0.712582 12.2639 12.2639 1.59725 0.298845 -1.114915134 1.143751394
37 145 1.07914 1.23211 0.725080 12.2244 12.2244 1.69132 0.347303 -1.237895225 1.152452308
38 145 1.08324 1.20757 0.737041 12.2081 12.2081 1.79053 0.402648 -1.359592175 1.165117338
39 145 1.08603 1.18432 0.748256 12.1953 12.1953 1.89025 0.460357 -1.477007113 1.179609173
41 145 1.09013 1.14627 0.768203 12.1743 12.1743 2.08024 0.573615 -1.693459245 1.208128169
42 145 1.09370 1.13496 0.777766 12.1656 12.1656 2.16408 0.625346 -1.788736686 1.218054298
43 145 1.09766 1.12823 0.786219 12.1579 12.1579 2.23721 0.672590 -1.875320436 1.219937552
44 145 1.10352 1.12651 0.794752 12.1511 12.1511 2.30087 0.700746 -1.956289094 1.211156247
46 145 1.12426 1.13633 0.816009 12.1408 12.1408 2.41185 0.611458 -2.112491706 1.163781878
47 145 1.15062 1.15827 0.837588 12.1403 12.1403 2.46220 0.564179 -2.189122851 1.127001572
48 145 1.32623 1.33000 0.967849 12.2351 12.2351 2.51028 0.516071 -2.265418614 1.081357670
49 145 1.00819 1.00702 0.737437 12.1493 12.1493 2.55762 0.468037 -2.342605744 1.026449367
51 145 1.08605 1.07207 0.798724 12.1188 12.1188 2.66259 0.377304 -2.509001629 0.8912178303
52 145 1.09425 1.07028 0.807925 12.1150 12.1150 2.72652 0.338370 -2.601423553 0.8163740787
53 145 1.09846 1.06231 0.814956 12.1120 12.1120 2.79880 0.307738 -2.699057710 0.7404844839
54 145 1.10035 1.05040 0.820886 12.1094 12.1094 2.87821 0.289816 -2.800342659 0.6649422229
56 145 1.10017 1.01999 0.830932 12.1052 12.1052 3.05256 0.307669 -3.008506283 0.5167285551
57 145 1.09927 1.00325 0.835638 12.1034 12.1034 3.14560 0.344786 -3.114188673 0.4433608940
59 145 1.09177 0.962659 0.841210 12.1006 12.1006 3.34691 0.462530 -3.333448392 0.2998193433
61 145 1.08574 0.921189 0.848341 12.0987 12.0987 3.56993 0.620437 -3.565515499 0.1773751189
62 145 1.08237 0.900508 0.851411 12.0982 12.0982 3.68447 0.709488 -3.682136950 0.1310527267
63 145 1.07855 0.880589 0.853715 12.0980 12.0980 3.79608 0.802921 -3.794822995 0.09736718283
64 145 1.07538 0.863130 0.855920 12.0982 12.0982 3.89952 0.898598 -3.898753771 0.07689370507
66 145 1.07070 0.837744 0.859197 12.1006 12.1006 4.06182 1.08742 -4.061301132 0.06466485979
67 145 1.06929 0.829994 0.860337 12.1037 12.1037 4.11683 1.17735 -4.116360727 0.06214904932
68 145 1.06833 0.824584 0.861221 12.1097 12.1097 4.15789 1.26410 -4.157503764 0.05600913345
69 145 1.06764 0.820635 0.861904 12.1220 12.1220 4.18909 1.34825 -4.188830755 0.04606907873
71 145 1.06682 0.815886 0.862745 12.2648 12.2648 4.22751 1.50797 -4.227451527 0.02081224593
72 145 1.06666 0.814958 0.862912 13.7134 13.7134 4.23512 1.58241 -4.235111956 0.007003194988
73 145 1.06666 0.814958 0.862912 13.7134 13.7134 4.23512 1.58241 -4.235111956 -0.007003194988
74 145 1.06682 0.815886 0.862745 12.2648 12.2648 4.22751 1.50797 -4.227451527 -0.02081224593
76 145 1.06764 0.820635 0.861904 12.1220 12.1220 4.18909 1.34825 -4.188830755 -0.04606907873
77 145 1.06833 0.824584 0.861221 12.1097 12.1097 4.15789 1.26410 -4.157503764 -0.05600913345
78 145 1.06929 0.829994 0.860337 12.1037 12.1037 4.11683 1.17735 -4.116360727 -0.06214904932
79 145 1.07070 0.837744 0.859197 12.1006 12.1006 4.06182 1.08742 -4.061301132 -0.06466485979
81 145 1.07538 0.863130 0.855920 12.0982 12.0982 3.89952 0.898598 -3.898753771 -0.07689370507
82 145 1.07855 0.880589 0.853715 12.0980 12.0980 3.79608 0.802921 -3.794822995 -0.09736718283
83 145 1.08237 0.900508 0.851411 12.0982 12.0982 3.68447 0.709488 -3.682136950 -0.1310527267
84 145 1.08574 0.921189 0.848341 12.0987 12.0987 3.56993 0.620437 -3.565515499 -0.1773751189
86 145 1.09177 0.962659 0.841210 12.1006 12.1006 3.34691 0.462530 -3.333448392 -0.2998193433
88 145 1.09927 1.00325 0.835638 12.1034 12.1034 3.14560 0.344786 -3.114188673 -0.4433608940
89 145 1.10017 1.01999 0.830932 12.1052 12.1052 3.05256 0.307669 -3.008506283 -0.5167285551
91 145 1.10035 1.05040 0.820886 12.1094 12.1094 2.87821 0.289816 -2.800342659 -0.6649422229
92 145 1.09846 1.06231 0.814956 12.1120 12.1120 2.79880 0.307738 -2.699057710 -0.7404844839
93 145 1.09425 1.07028 0.807925 12.1150 12.1150 2.72652 0.338370 -2.601423553 -0.8163740787
94 145 1.08605 1.07207 0.798724 12.1188 12.1188 2.66259 0.377304 -2.509001629 -0.8912178303
96 145 1.00819 1.00702 0.737437 12.1493 12.1493 2.55762 0.468037 -2.342605744 -1.026449367
97 145 1.32623 1.33000 0.967849 12.2351 12.2351 2.51028 0.516071 -2.265418614 -1.081357670
98 145 1.15062 1.15827 0.837588 12.1403 12.1403 2.46220 0.564179 -2.189122851 -1.127001572
99 145 1.12426 1.13633 0.816009 12.1408 12.1408 2.41185 0.611458 -2.112491706 -1.163781878
101 145 1.10352 1.12651 0.794752 12.1511 12.1511 2.30087 0.700746 -1.956289094 -1.211156247
102 145 1.09766 1.12823 0.786219 12.1579 12.1579 2.23721 0.672590 -1.875320436 -1.219937552
103 145 1.09370 1.13496 0.777766 12.1656 12.1656 2.16408 0.625346 -1.788736686 -1.218054298
104 145 1.09013 1.14627 0.768203 12.1743 12.1743 2.08024 0.573615 -1.693459245 -1.208128169
106 145 1.08603 1.18432 0.748256 12.1953 12.1953 1.89025 0.460357 -1.477007113 -1.179609173
107 145 1.08324 1.20757 0.737041 12.2081 12.2081 1.79053 0.402648 -1.359592175 -1.165117338
108 145 1.07914 1.23211 0.725080 12.2244 12.2244 1.69132 0.347303 -1.237895225 -1.152452308
109 145 1.07266 1.25499 0.712582 12.2639 12.2639 1.59725 0.298845 -1.114915134 -1.143751394
111 145 1.05115 1.28532 0.686905 12.2781 12.2781 1.43613 0.240982 -0.8836311577 -1.132099979
112 145 1.03745 1.29421 0.673641 12.3023 12.3023 1.36498 0.233263 -0.7779595353 -1.121571539
113 145 1.02353 1.30209 0.660198 12.3305 12.3305 1.29616 0.236817 -0.6789929316 -1.104071321
114 145 1.01050 1.31352 0.645774 12.3633 12.3633 1.22374 0.247101 -0.5846720870 -1.075031338
31 146 1.00820 1.31736 0.642705 8.77764 8.77764 1.20733 0.249987 -0.5646515002 1.067150962
33 146 1.03419 1.29587 0.670577 8.73323 8.73323 1.34936 0.233242 -0.7549937085 1.118371243
35 146 1.06047 1.27621 0.696763 8.70052 8.70052 1.49357 0.256130 -0.9683555126 1.137114614
37 146 1.07777 1.23823 0.721951 8.67881 8.67881 1.66677 0.334140 -1.206661852 1.149809761
39 146 1.08536 1.19031 0.745337 8.65532 8.65532 1.86375 0.444875 -1.446142505 1.175672608
41 146 1.08964 1.15078 0.765658 8.64001 8.64001 2.05497 0.558313 -1.664979146 1.204464363
43 146 1.09629 1.12962 0.783734 8.62802 8.62802 2.21677 0.659101 -1.850573152 1.220424279
45 146 1.10887 1.12767 0.801046 8.61873 8.61873 2.34111 0.670876 -2.010831031 1.198888625
47 146 1.13909 1.14810 0.828455 8.61346 8.61346 2.44629 0.579527 -2.164528915 1.139791420
49 146 0.917009 0.917234 0.670231 8.67689 8.67689 2.54167 0.484083 -2.316486039 1.045928776
51 146 1.08156 1.07048 0.794507 8.59987 8.59987 2.64230 0.392219 -2.478197420 0.9166693182
53 146 1.09726 1.06575 0.812564 8.59469 8.59469 2.77166 0.317638 -2.663113649 0.7680449963
55 146 1.10073 1.04162 0.824221 8.59109 8.59109 2.93067 0.287098 -2.864692219 0.6183445098
57 146 1.09960 1.00982 0.833761 8.58831 8.58831 3.10879 0.328265 -3.072747717 0.4719897241
59 146 1.09210 0.970049 0.839118 8.58621 8.58621 3.30429 0.434903 -3.287973317 0.3279235229
61 146 1.08720 0.930038 0.847021 8.58474 8.58474 3.52218 0.584957 -3.516493384 0.2000343224
63 146 1.08000 0.888830 0.852626 8.58402 8.58402 3.74859 0.762194 -3.746962711 0.1102661949
65 146 1.07381 0.854698 0.856965 8.58437 8.58437 3.95134 0.951769 -3.950699923 0.07060311645
67 146 1.06987 0.833199 0.859850 8.58688 8.58688 4.09360 1.13651 -4.093096585 0.06359400637
69 146 1.06794 0.822356 0.861604 8.59606 8.59606 4.17540 1.30879 -4.175077386 0.05113235247
71 146 1.06695 0.816678 0.862604 8.64883 8.64883 4.22103 1.47036 -4.220940573 0.02733331077
75 146 1.06695 0.816678 0.862604 8.64883 8.64883 4.22103 1.47036 -4.220940573 -0.02733331077
77 146 1.06794 0.822356 0.861604 8.59606 8.59606 4.17540 1.30879 -4.175077386 -0.05113235247
79 146 1.06987 0.833199 0.859850 8.58688 8.58688 4.09360 1.13651 -4.093096585 -0.06359400637
81 146 1.07381 0.854698 0.856965 8.58437 8.58437 3.95134 0.951769 -3.950699923 -0.07060311645
83 146 1.08000 0.888830 0.852626 8.58402 8.58402 3.74859 0.762194 -3.746962711 -0.1102661949
85 146 1.08720 0.930038 0.847021 8.58474 8.58474 3.52218 0.584957 -3.516493384 -0.2000343224
87 146 1.09210 0.970049 0.839118 8.58621 8.58621 3.30429 0.434903 -3.287973317 -0.3279235229
89 146 1.09960 1.00982 0.833761 8.58831 8.58831 3.10879 0.328265 -3.072747717 -0.4719897241
91 146 1.10073 1.04162 0.824221 8.59109 8.59109 2.93067 0.287098 -2.864692219 -0.6183445098
93 146 1.09726 1.06575 0.812564 8.59469 8.59469 2.77166 0.317638 -2.663113649 -0.7680449963
95 146 1.08156 1.07048 0.794507 8.59987 8.59987 2.64230 0.392219 -2.478197420 -0.9166693182
97 146 0.917009 0.917234 0.670231 8.67689 8.67689 2.54167 0.484083 -2.316486039 -1.045928776
99 146 1.13909 1.14810 0.828455 8.61346 8.61346 2.44629 0.579527 -2.164528915 -1.139791420
101 146 1.10887 1.12767 0.801046 8.61873 8.61873 2.34111 0.670876 -2.010831031 -1.198888625
103 146 1.09629 1.12962 0.783734 8.62802 8.62802 2.21677 0.659101 -1.850573152 -1.220424279
105 146 1.08964 1.15078 0.765658 8.64001 8.64001 2.05497 0.558313 -1.664979146 -1.204464363
107 146 1.08536 1.19031 0.745337 8.65532 8.65532 1.86375 0.444875 -1.446142505 -1.175672608
109 146 1.07777 1.23823 0.721951 8.67881 8.67881 1.66677 0.334140 -1.206661852 -1.149809761
111 146 1.06047 1.27621 0.696763 8.70052 8.70052 1.49357 0.256130 -0.9683555126 -1.137114614
113 146 1.03419 1.29587 0.670577 8.73323 8.73323 1.34936 0.233242 -0.7549937085 -1.118371243
115 146 1.00820 1.31736 0.642705 8.77764 8.77764 1.20733 0.249987 -0.5646515002 -1.067150962
31 147 1.00615 1.32182 0.639723 12.4638 12.4638 1.19077 0.253123 -0.5447666405 1.058838723
32 147 1.01745 1.30594 0.653936 12.4290 12.4290 1.26549 0.240651 -0.6376842379 1.093070789
34 147 1.04499 1.28980 0.680822 12.3733 12.3733 1.40272 0.235771 -0.8339493574 1.127888907
37 147 1.07625 1.24409 0.718835 12.3386 12.3386 1.64297 0.321677 -1.175834540 1.147492630
38 147 1.08135 1.22024 0.730943 12.2996 12.2996 1.73893 0.373511 -1.297086242 1.158198005
40 147 1.08709 1.17454 0.753112 12.2738 12.2738 1.93508 0.486733 -1.528758897 1.186336320
41 147 1.08910 1.15550 0.763029 12.2634 12.2634 2.02945 0.542947 -1.636182130 1.200647362
43 147 1.09510 1.13146 0.781277 12.2459 12.2459 2.19573 0.645463 -1.825585936 1.220019973
44 147 1.09977 1.12702 0.789609 12.2386 12.2386 2.26372 0.690511 -1.908276710 1.217743748
46 147 1.11568 1.13080 0.808067 12.2269 12.2269 2.37878 0.640301 -2.064079798 1.182423029
47 147 1.13107 1.14148 0.821865 12.2232 12.2232 2.43033 0.594556 -2.140206944 1.151520408
50 147 1.03987 1.03719 0.761173 12.2177 12.2177 2.57302 0.452879 -2.367810907 1.006914566
52 147 1.08904 1.07239 0.801763 12.2008 12.2008 2.68038 0.365273 -2.535408934 0.8695617029
53 147 1.09573 1.06856 0.810038 12.1974 12.1974 2.74588 0.328820 -2.628199054 0.7952336422
55 147 1.10056 1.04696 0.822261 12.1921 12.1921 2.89915 0.287861 -2.826242777 0.6460723603
58 147 1.09920 0.999764 0.836743 12.1863 12.1863 3.16577 0.354707 -3.136706636 0.4279156931
59 147 1.08890 0.974047 0.834382 12.1849 12.1849 3.26325 0.409383 -3.243741322 0.3562725666
61 147 1.08857 0.938753 0.845653 12.1826 12.1826 3.47550 0.551131 -3.468263259 0.2240678565
62 147 1.08519 0.917887 0.848821 12.1818 12.1818 3.58787 0.634007 -3.583866749 0.1693645253
64 147 1.07812 0.878191 0.854023 12.1811 12.1811 3.81003 0.815211 -3.808862498 0.09399154823
65 147 1.07504 0.861294 0.856151 12.1814 12.1814 3.91070 0.909699 -3.909965008 0.07531510435
67 147 1.07055 0.836939 0.859310 12.1840 12.1840 4.06736 1.09551 -4.066842904 0.06450834660
68 147 1.06921 0.829520 0.860411 12.1873 12.1873 4.12033 1.18394 -4.119863058 0.06184034862
71 147 1.06713 0.817683 0.862425 12.2379 12.2379 4.21285 1.43245 -4.212716007 0.03357196238
73 147 1.06666 0.814955 0.862912 13.8546 13.8546 4.23515 1.58290 -4.235137798 0.006908130185
74 147 1.06666 0.814955 0.862912 13.8546 13.8546 4.23515 1.58290 -4.235137798 -0.006908130185
76 147 1.06713 0.817683 0.862425 12.2379 12.2379 4.21285 1.43245 -4.212716007 -0.03357196238
79 147 1.06921 0.829520 0.860411 12.1873 12.1873 4.12033 1.18394 -4.119863058 -0.06184034862
80 147 1.07055 0.836939 0.859310 12.1840 12.1840 4.06736 1.09551 -4.066842904 -0.06450834660
82 147 1.07504 0.861294 0.856151 12.1814 12.1814 3.91070 0.909699 -3.909965008 -0.07531510435
83 147 1.07812 0.878191 0.854023 12.1811 12.1811 3.81003 0.815211 -3.808862498 -0.09399154823
85 147 1.08519 0.917887 0.848821 12.1818 12.1818 3.58787 0.634007 -3.583866749 -0.1693645253
86 147 1.08857 0.938753 0.845653 12.1826 12.1826 3.47550 0.551131 -3.468263259 -0.2240678565
88 147 1.08890 0.974047 0.834382 12.1849 12.1849 3.26325 0.409383 -3.243741322 -0.3562725666
89 147 1.09920 0.999764 0.836743 12.1863 12.1863 3.16577 0.354707 -3.136706636 -0.4279156931
92 147 1.10056 1.04696 0.822261 12.1921 12.1921 2.89915 0.287861 -2.826242777 -0.6460723603
94 147 1.09573 1.06856 0.810038 12.1974 12.1974 2.74588 0.328820 -2.628199054 -0.7952336422
95 147 1.08904 1.07239 0.801763 12.2008 12.2008 2.68038 0.365273 -2.535408934 -0.8695617029
97 147 1.03987 1.03719 0.761173 12.2177 12.2177 2.57302 0.452879 -2.367810907 -1.006914566
100 147 1.13107 1.14148 0.821865 12.2232 12.2232 2.43033 0.594556 -2.140206944 -1.151520408
101 147 1.11568 1.13080 0.808067 12.2269 12.2269 2.37878 0.640301 -2.064079798 -1.182423029
103 147 1.09977 1.12702 0.789609 12.2386 12.2386 2.26372 0.690511 -1.908276710 -1.217743748
104 147 1.09510 1.13146 0.781277 12.2459 12.2459 2.19573 0.645463 -1.825585936 -1.220019973
106 147 1.08910 1.15550 0.763029 12.2634 12.2634 2.02945 0.542947 -1.636182130 -1.200647362
107 147 1.08709 1.17454 0.753112 12.2738 12.2738 1.93508 0.486733 -1.528758897 -1.186336320
109 147 1.08135 1.22024 0.730943 12.2996 12.2996 1.73893 0.373511 -1.297086242 -1.158198005
110 147 1.07625 1.24409 0.718835 12.3386 12.3386 1.64297 0.321677 -1.175834540 -1.147492630
113 147 1.04499 1.28980 0.680822 12.3733 12.3733 1.40272 0.235771 -0.8339493574 -1.127888907
115 147 1.01745 1.30594 0.653936 12.4290 12.4290 1.26549 0.240651 -0.6376842379 -1.093070789
116 147 1.00615 1.32182 0.639723 12.4638 12.4638 1.19077 0.253123 -0.5447666405 -1.058838723
31 148 1.00441 1.32699 0.636882 8.84885 8.84885 1.17407 0.256530 -0.5249829240 1.050155674
33 148 1.02739 1.29851 0.664258 8.80166 8.80166 1.31898 0.234689 -0.7110269562 1.110913029
35 148 1.05484 1.28212 0.690691 8.76674 8.76674 1.45766 0.245783 -0.9155451704 1.134252535
39 148 1.08390 1.20253 0.739455 8.71919 8.71919 1.81149 0.414646 -1.384593972 1.168072678
41 148 1.08856 1.16044 0.760360 8.70288 8.70288 2.00378 0.527568 -1.607137193 1.196756211
43 148 1.09409 1.13376 0.778848 8.69013 8.69013 2.17408 0.631653 -1.800292561 1.218825162
45 148 1.10413 1.12656 0.795524 8.68012 8.68012 2.30612 0.697025 -1.963256245 1.209864927
47 148 1.12505 1.13690 0.816707 8.67305 8.67305 2.41430 0.609252 -2.116134228 1.162237019
49 148 1.33135 1.33509 0.971596 8.74368 8.74368 2.51060 0.515745 -2.265935283 1.081018173
51 148 1.06785 1.06157 0.782902 8.66170 8.66170 2.60533 0.422805 -2.420147593 0.9646830264
53 148 1.09381 1.07066 0.807337 8.65494 8.65494 2.72147 0.341026 -2.594355668 0.8219969479
55 148 1.10022 1.05192 0.820245 8.65096 8.65096 2.86877 0.291077 -2.788568828 0.6735760418
57 148 1.10030 1.02254 0.830207 8.64792 8.64792 3.03845 0.303502 -2.992192711 0.5281434838
59 148 1.10279 0.993173 0.842790 8.64566 8.64566 3.22373 0.386051 -3.200690907 0.3846559859
61 148 1.08985 0.947262 0.844228 8.64387 8.64387 3.43005 0.519019 -3.420977067 0.2492477430
63 148 1.08320 0.906067 0.850510 8.64282 8.64282 3.65284 0.684299 -3.650051128 0.1426894986
65 148 1.07634 0.868382 0.855262 8.64264 8.64264 3.86790 0.868116 -3.867024142 0.08202871460
67 148 1.07135 0.841270 0.858714 8.64394 8.64394 4.03796 1.05437 -4.037423021 0.06536095714
69 148 1.06867 0.826525 0.860895 8.64891 8.64891 4.14290 1.22985 -4.142470920 0.05898357474
71 148 1.06734 0.818899 0.862210 8.66923 8.66923 4.20302 1.39431 -4.202833862 0.03948109030
73 148 1.06672 0.815287 0.862853 8.93146 8.93146 4.23242 1.54720 -4.232395502 0.01367705782
75 148 1.06672 0.815287 0.862853 8.93146 8.93146 4.23242 1.54720 -4.232395502 -0.01367705782
77 148 1.06734 0.818899 0.862210 8.66923 8.66923 4.20302 1.39431 -4.202833862 -0.03948109030
79 148 1.06867 0.826525 0.860895 8.64891 8.64891 4.14290 1.22985 -4.142470920 -0.05898357474
81 148 1.07135 0.841270 0.858714 8.64394 8.64394 4.03796 1.05437 -4.037423021 -0.06536095714
83 148 1.07634 0.868382 0.855262 8.64264 8.64264 3.86790 0.868116 -3.867024142 -0.08202871460
85 148 1.08320 0.906067 0.850510 8.64282 8.64282 3.65284 0.684299 -3.650051128 -0.1426894986
87 148 1.08985 0.947262 0.844228 8.64387 8.64387 3.43005 0.519019 -3.420977067 -0.2492477430
89 148 1.10279 0.993173 0.842790 8.64566 8.64566 3.22373 0.386051 -3.200690907 -0.3846559859
91 148 1.10030 1.02254 0.830207 8.64792 8.64792 3.03845 0.303502 -2.992192711 -0.5281434838
93 148 1.10022 1.05192 0.820245 8.65096 8.65096 2.86877 0.291077 -2.788568828 -0.6735760418
95 148 1.09381 1.07066 0.807337 8.65494 8.65494 2.72147 0.341026 -2.594355668 -0.8219969479
97 148 1.06785 1.06157 0.782902 8.66170 8.66170 2.60533 0.422805 -2.420147593 -0.9646830264
99 148 1.33135 1.33509 0.971596 8.74368 8.74368 2.51060 0.515745 -2.265935283 -1.081018173
101 148 1.12505 1.13690 0.816707 8.67305 8.67305 2.41430 0.609252 -2.116134228 -1.162237019
103 148 1.10413 1.12656 0.795524 8.68012 8.68012 2.30612 0.697025 -1.963256245 -1.209864927
105 148 1.09409 1.13376 0.778848 8.69013 8.69013 2.17408 0.631653 -1.800292561 -1.218825162
107 148 1.08856 1.16044 0.760360 8.70288 8.70288 2.00378 0.527568 -1.607137193 -1.196756211
109 148 1.08390 1.20253 0.739455 8.71919 8.71919 1.81149 0.414646 -1.384593972 -1.168072678
113 148 1.05484 1.28212 0.690691 8.76674 8.76674 1.45766 0.245783 -0.9155451704 -1.134252535
115 148 1.02739 1.29851 0.664258 8.80166 8.80166 1.31898 0.234689 -0.7110269562 -1.110913029
117 148 1.00441 1.32699 0.636882 8.84885 8.84885 1.17407 0.256530 -0.5249829240 -1.050155674
30 149 1.04438 1.43327 0.650728 12.6206 12.6206 1.07364 0.282875 -0.4082471914 0.9929926195
31 149 1.00310 1.33303 0.634269 12.5647 12.5647 1.15729 0.260221 -0.5052819867 1.041155165
32 149 1.01214 1.31130 0.647818 12.5276 12.5276 1.23441 0.245334 -0.5979103186 1.079939118
33 149 1.02541 1.30153 0.661969 12.4959 12.4959 1.30405 0.235998 -0.6899600033 1.106566862
34 149 1.03870 1.29355 0.674815 12.4686 12.4686 1.37104 0.233427 -0.7869190051 1.122714006
35 149 1.05193 1.28468 0.687695 12.4450 12.4450 1.44057 0.241881 -0.8902200403 1.132576181
36 149 1.06351 1.27228 0.700272 12.4250 12.4250 1.51522 0.263640 -0.9997882000 1.138547201
37 149 1.07272 1.25485 0.712667 12.4332 12.4332 1.59786 0.299134 -1.115733014 1.143794954
38 149 1.07904 1.23260 0.724833 12.3923 12.3923 1.68935 0.346240 -1.235416507 1.152232127
39 149 1.08308 1.20871 0.736495 12.3760 12.3760 1.78583 0.399969 -1.353957361 1.164464367
40 149 1.08585 1.18595 0.747455 12.3633 12.3633 1.88294 0.456078 -1.468515321 1.178519668
41 149 1.08801 1.16557 0.757663 12.3521 12.3521 1.97806 0.512227 -1.577916787 1.192845773
42 149 1.08992 1.14830 0.767069 12.3423 12.3423 2.06885 0.566704 -1.680618642 1.206495729
43 149 1.09330 1.13658 0.776486 12.3335 12.3335 2.15183 0.617661 -1.774647166 1.216949786
44 149 1.09680 1.12903 0.784691 12.3258 12.3258 2.22474 0.664329 -1.860158778 1.220346887
45 149 1.10213 1.12652 0.792945 12.3189 12.3189 2.28824 0.707558 -1.939719324 1.213888865
46 149 1.10951 1.12790 0.801751 12.3129 12.3129 2.34524 0.667640 -2.016575810 1.197318624
47 149 1.12029 1.13360 0.812433 12.3081 12.3081 2.39818 0.623604 -2.092293963 1.171985130
48 149 1.14009 1.14896 0.829261 12.3058 12.3058 2.44795 0.577943 -2.167077646 1.138509517
49 149 1.21092 1.21580 0.883028 12.3253 12.3253 2.49528 0.531285 -2.241330665 1.096737172
50 149 0.913488 0.913736 0.667647 12.4009 12.4009 2.54136 0.484403 -2.315970085 1.046304877
51 149 1.05652 1.05220 0.773938 12.2945 12.2945 2.58833 0.438292 -2.392737561 0.9870229169
52 149 1.08086 1.07014 0.793880 12.2867 12.2867 2.63967 0.394251 -2.474143990 0.9200277098
53 149 1.09143 1.07198 0.804409 12.2825 12.2825 2.69842 0.354038 -2.561620722 0.8482676368
54 149 1.09692 1.06648 0.811970 12.2793 12.2793 2.76533 0.320223 -2.654612589 0.7746262031
55 149 1.09968 1.05647 0.818164 12.2765 12.2765 2.83957 0.296467 -2.751715921 0.7008417821
56 149 1.10069 1.04347 0.823562 12.2742 12.2742 2.91985 0.287065 -2.851562903 0.6277770770
57 149 1.10056 1.02859 0.828431 12.2720 12.2720 3.00477 0.295353 -2.952929175 0.5557099988
58 149 1.09976 1.01262 0.832985 12.2702 12.2702 3.09328 0.321983 -3.055139581 0.4842157326
59 149 1.09935 0.996525 0.837986 12.2686 12.2686 3.18561 0.364996 -3.158727516 0.4129096247
60 149 1.09155 0.973131 0.837506 12.2672 12.2672 3.28289 0.421449 -3.264967805 0.3425542330
61 149 1.09096 0.955485 0.842719 12.2660 12.2660 3.38597 0.488684 -3.374753920 0.2753406165
62 149 1.08803 0.935260 0.846211 12.2650 12.2650 3.49418 0.564568 -3.487605184 0.2142260794
63 149 1.08465 0.914684 0.849280 12.2643 12.2643 3.60534 0.647351 -3.601705543 0.1618295857
64 149 1.08083 0.894364 0.851748 12.2638 12.2638 3.71643 0.735466 -3.714484186 0.1202152067
65 149 1.07770 0.875893 0.854315 12.2637 12.2637 3.82346 0.827202 -3.822373992 0.09092069216
66 149 1.07472 0.859549 0.856371 12.2640 12.2640 3.92139 0.920497 -3.920687809 0.07391993046
67 149 1.07226 0.846214 0.858060 12.2650 12.2650 4.00539 1.01315 -4.004833292 0.06667920992
68 149 1.07042 0.836180 0.859417 12.2668 12.2668 4.07262 1.10336 -4.072103673 0.06435401169
69 149 1.06913 0.829072 0.860482 12.2702 12.2702 4.12366 1.19034 -4.123198249 0.06151763205
70 149 1.06824 0.824042 0.861313 12.2766 12.2766 4.16212 1.27439 -4.161749281 0.05497905845
71 149 1.06759 0.820322 0.861959 12.2899 12.2899 4.19160 1.35603 -4.191350914 0.04500319605
72 149 1.06711 0.817607 0.862438 12.3227 12.3227 4.21348 1.43509 -4.213341350 0.03314880364
73 149 1.06681 0.815830 0.862755 12.4428 12.4428 4.22796 1.51104 -4.227908641 0.02026509421
74 149 1.06666 0.814952 0.862913 13.9965 13.9965 4.23517 1.58338 -4.235162606 0.006815608889
75 149 1.06666 0.814952 0.862913 13.9965 13.9965 4.23517 1.58338 -4.235162606 -0.006815608889
76 149 1.06681 0.815830 0.862755 12.4428 12.4428 4.22796 1.51104 -4.227908641 -0.02026509421
77 149 1.06711 0.817607 0.862438 12.3227 12.3227 4.21348 1.43509 -4.213341350 -0.03314880364
78 149 1.06759 0.820322 0.861959 12.2899 12.2899 4.19160 1.35603 -4.191350914 -0.04500319605
79 149 1.06824 0.824042 0.861313 12.2766 12.2766 4.16212 1.27439 -4.161749281 -0.05497905845
80 149 1.06913 0.829072 0.860482 12.2702 12.2702 4.12366 1.19034 -4.123198249 -0.06151763205
81 149 1.07042 0.836180 0.859417 12.2668 12.2668 4.07262 1.10336 -4.072103673 -0.06435401169
82 149 1.07226 0.846214 0.858060 12.2650 12.2650 4.00539 1.01315 -4.004833292 -0.06667920992
83 149 1.07472 0.859549 0.856371 12.2640 12.2640 3.92139 0.920497 -3.920687809 -0.07391993046
84 149 1.07770 0.875893 0.854315 12.2637 12.2637 3.82346 0.827202 -3.822373992 -0.09092069216
85 149 1.08083 0.894364 0.851748 12.2638 12.2638 3.71643 0.735466 -3.714484186 -0.1202152067
86 149 1.08465 0.914684 0.849280 12.2643 12.2643 3.60534 0.647351 -3.601705543 -0.1618295857
87 149 1.08803 0.935260 0.846211 12.2650 12.2650 3.49418 0.564568 -3.487605184 -0.2142260794
88 149 1.09096 0.955485 0.842719 12.2660 12.2660 3.38597 0.488684 -3.374753920 -0.2753406165
89 149 1.09155 0.973131 0.837506 12.2672 12.2672 3.28289 0.421449 -3.264967805 -0.3425542330
90 149 1.09935 0.996525 0.837986 12.2686 12.2686 3.18561 0.364996 -3.158727516 -0.4129096247
91 149 1.09976 1.01262 0.832985 12.2702 12.2702 3.09328 0.321983 -3.055139581 -0.4842157326
92 149 1.10056 1.02859 0.828431 12.2720 12.2720 3.00477 0.295353 -2.952929175 -0.5557099988
93 149 1.10069 1.04347 0.823562 12.2742 12.2742 2.91985 0.287065 -2.851562903 -0.6277770770
94 149 1.09968 1.05647 0.818164 12.2765 12.2765 2.83957 0.296467 -2.751715921 -0.7008417821
95 149 1.09692 1.06648 0.811970 12.2793 12.2793 2.76533 0.320223 -2.654612589 -0.7746262031
96 149 1.09143 1.07198 0.804409 12.2825 12.2825 2.69842 0.354038 -2.561620722 -0.8482676368
97 149 1.08086 1.07014 0.793880 12.2867 12.2867 2.63967 0.394251 -2.474143990 -0.9200277098
98 149 1.05652 1.05220 0.773938 12.2945 12.2945 2.58833 0.438292 -2.392737561 -0.9870229169
99 149 0.913488 0.913736 0.667647 12.4009 12.4009 2.54136 0.484403 -2.315970085 -1.046304877
100 149 1.21092 1.21580 0.883028 12.3253 12.3253 2.49528 0.531285 -2.241330665 -1.096737172
101 149 1.14009 1.14896 0.829261 12.3058 12.3058 2.44795 0.577943 -2.167077646 -1.138509517
102 149 1.12029 1.13360 0.812433 12.3081 12.3081 2.39818 0.623604 -2.092293963 -1.171985130
103 149 1.10951 1.12790 0.801751 12.3129 12.3129 2.34524 0.667640 -2.016575810 -1.197318624
104 149 1.10213 1.12652 0.792945 12.3189 12.3189 2.28824 0.707558 -1.939719324 -1.213888865
105 149 1.09680 1.12903 0.784691 12.3258 12.3258 2.22474 0.664329 -1.860158778 -1.220346887
106 149 1.09330 1.13658 0.776486 12.3335 12.3335 2.15183 0.617661 -1.774647166 -1.216949786
107 149 1.08992 1.14830 0.767069 12.3423 12.3423 2.06885 0.566704 -1.680618642 -1.206495729
108 149 1.08801 1.16557 0.757663 12.3521 12.3521 1.97806 0.512227 -1.577916787 -1.192845773
109 149 1.08585 1.18595 0.747455 12.3633 12.3633 1.88294 0.456078 -1.468515321 -1.178519668
110 149 1.08308 1.20871 0.736495 12.3760 12.3760 1.78583 0.399969 -1.353957361 -1.164464367
111 149 1.07904 1.23260 0.724833 12.3923 12.3923 1.68935 0.346240 -1.235416507 -1.152232127
112 149 1.07272 1.25485 0.712667 12.4332 12.4332 1.59786 0.299134 -1.115733014 -1.143794954
113 149 1.06351 1.27228 0.700272 12.4250 12.4250 1.51522 0.263640 -0.9997882000 -1.138547201
114 149 1.05193 1.28468 0.687695 12.4450 12.4450 1.44057 0.241881 -0.8902200403 -1.132576181
115 149 1.03870 1.29355 0.674815 12.4686 12.4686 1.37104 0.233427 -0.7869190051 -1.122714006
116 149 1.02541 1.30153 0.661969 12.4959 12.4959 1.30405 0.235998 -0.6899600033 -1.106566862
117 149 1.01214 1.31130 0.647818 12.5276 12.5276 1.23441 0.245334 -0.5979103186 -1.079939118
118 149 1.00310 1.33303 0.634269 12.5647 12.5647 1.15729 0.260221 -0.5052819867 -1.041155165
119 149 1.04438 1.43327 0.650728 12.6206 12.6206 1.07364 0.282875 -0.4082471914 -0.9929926195
31 150 1.00246 1.34027 0.632040 8.92035 8.92035 1.14046 0.264203 -0.4856527828 1.031879305
37 150 1.07071 1.25967 0.709624 8.80962 8.80962 1.57660 0.289155 -1.086612099 1.142333452
41 150 1.08745 1.17085 0.754940 8.76557 8.76557 1.95237 0.496968 -1.548588193 1.188949298
43 150 1.09330 1.14052 0.774599 8.75203 8.75203 2.12902 0.603490 -1.748623668 1.214507572
47 150 1.11637 1.13119 0.808739 8.73324 8.73324 2.38196 0.637603 -2.068675379 1.180803573
49 150 1.17242 1.17856 0.854276 8.73437 8.73437 2.48003 0.546593 -2.217089345 1.111315733
53 150 1.08848 1.07239 0.801177 8.71503 8.71503 2.67672 0.367670 -2.530022040 0.8739640853
59 150 1.09925 1.00269 0.835806 8.70465 8.70465 3.14877 0.346309 -3.117741103 0.4409183122
61 150 1.09182 0.963300 0.841060 8.70270 8.70270 3.34336 0.460188 -3.329673490 0.3021080193
67 150 1.07328 0.851761 0.857344 8.70130 8.70130 3.96984 0.971978 -3.969238811 0.06897524101
71 150 1.06787 0.821949 0.861675 8.71398 8.71398 4.17862 1.31768 -4.178318542 0.05004596839
73 150 1.06694 0.816580 0.862621 8.77049 8.77049 4.22183 1.47450 -4.221738751 0.02663163409
77 150 1.06694 0.816580 0.862621 8.77049 8.77049 4.22183 1.47450 -4.221738751 -0.02663163409
79 150 1.06787 0.821949 0.861675 8.71398 8.71398 4.17862 1.31768 -4.178318542 -0.05004596839
83 150 1.07328 0.851761 0.857344 8.70130 8.70130 3.96984 0.971978 -3.969238811 -0.06897524101
89 150 1.09182 0.963300 0.841060 8.70270 8.70270 3.34336 0.460188 -3.329673490 -0.3021080193
91 150 1.09925 1.00269 0.835806 8.70465 8.70465 3.14877 0.346309 -3.117741103 -0.4409183122
97 150 1.08848 1.07239 0.801177 8.71503 8.71503 2.67672 0.367670 -2.530022040 -0.8739640853
101 150 1.17242 1.17856 0.854276 8.73437 8.73437 2.48003 0.546593 -2.217089345 -1.111315733
103 150 1.11637 1.13119 0.808739 8.73324 8.73324 2.38196 0.637603 -2.068675379 -1.180803573
107 150 1.09330 1.14052 0.774599 8.75203 8.75203 2.12902 0.603490 -1.748623668 -1.214507572
109 150 1.08745 1.17085 0.754940 8.76557 8.76557 1.95237 0.496968 -1.548588193 -1.188949298
113 150 1.07071 1.25967 0.709624 8.80962 8.80962 1.57660 0.289155 -1.086612099 -1.142333452
119 150 1.00246 1.34027 0.632040 8.92035 8.92035 1.14046 0.264203 -0.4856527828 -1.031879305
