23 106 1.01612 1.30707 0.652464 7.46501 7.46501 1.25811 0.241699 -0.6280583386 1.090122731
25 106 1.05368 1.28317 0.689489 7.42046 7.42046 1.45076 0.244125 -0.9053317186 1.133604490
27 106 1.07880 1.23372 0.724268 7.39150 7.39150 1.68488 0.343827 -1.229763118 1.151736564
29 106 1.08753 1.17012 0.755318 7.36840 7.36840 1.95591 0.499066 -1.552637746 1.189485146
31 106 1.09507 1.13153 0.781198 7.35309 7.35309 2.19504 0.645020 -1.824775100 1.219993197
33 106 1.11313 1.12947 0.805540 7.34232 7.34232 2.36613 0.650836 -2.045979856 1.188496513
35 106 1.26137 1.26553 0.920244 7.36770 7.36770 2.50446 0.521987 -2.256046428 1.087446280
37 106 1.08100 1.07021 0.794005 7.32783 7.32783 2.64019 0.393851 -2.474940426 0.9193677423
39 106 1.09933 1.05852 0.817123 7.32210 7.32210 2.82578 0.299793 -2.734071771 0.7140319670
41 106 1.10010 1.01859 0.831327 7.31843 7.31843 3.06031 0.310136 -3.017428497 0.5104943624
43 106 1.09203 0.966055 0.840367 7.31590 7.31590 3.32788 0.450068 -3.313199390 0.3121921848
45 106 1.08378 0.909506 0.850017 7.31443 7.31443 3.63378 0.669351 -3.630676595 0.1501319536
47 106 1.07454 0.858571 0.856496 7.31439 7.31439 3.92741 0.926658 -3.926725371 0.07318342874
49 106 1.06926 0.829813 0.860365 7.31773 7.31773 4.11817 1.17985 -4.117694450 0.06203497699
51 106 1.06724 0.818349 0.862307 7.34095 7.34095 4.20746 1.41078 -4.207296483 0.03697571142
55 106 1.06724 0.818349 0.862307 7.34095 7.34095 4.20746 1.41078 -4.207296483 -0.03697571142
57 106 1.06926 0.829813 0.860365 7.31773 7.31773 4.11817 1.17985 -4.117694450 -0.06203497699
59 106 1.07454 0.858571 0.856496 7.31439 7.31439 3.92741 0.926658 -3.926725371 -0.07318342874
61 106 1.08378 0.909506 0.850017 7.31443 7.31443 3.63378 0.669351 -3.630676595 -0.1501319536
63 106 1.09203 0.966055 0.840367 7.31590 7.31590 3.32788 0.450068 -3.313199390 -0.3121921848
65 106 1.10010 1.01859 0.831327 7.31843 7.31843 3.06031 0.310136 -3.017428497 -0.5104943624
67 106 1.09933 1.05852 0.817123 7.32210 7.32210 2.82578 0.299793 -2.734071771 -0.7140319670
69 106 1.08100 1.07021 0.794005 7.32783 7.32783 2.64019 0.393851 -2.474940426 -0.9193677423
71 106 1.26137 1.26553 0.920244 7.36770 7.36770 2.50446 0.521987 -2.256046428 -1.087446280
73 106 1.11313 1.12947 0.805540 7.34232 7.34232 2.36613 0.650836 -2.045979856 -1.188496513
75 106 1.09507 1.13153 0.781198 7.35309 7.35309 2.19504 0.645020 -1.824775100 -1.219993197
77 106 1.08753 1.17012 0.755318 7.36840 7.36840 1.95591 0.499066 -1.552637746 -1.189485146
79 106 1.07880 1.23372 0.724268 7.39150 7.39150 1.68488 0.343827 -1.229763118 -1.151736564
81 106 1.05368 1.28317 0.689489 7.42046 7.42046 1.45076 0.244125 -0.9053317186 -1.133604490
83 106 1.01612 1.30707 0.652464 7.46501 7.46501 1.25811 0.241699 -0.6280583386 -1.090122731
22 107 1.00271 1.34709 0.630765 10.6605 10.6605 1.12743 0.267479 -0.4705270461 1.024544455
23 107 1.01246 1.31089 0.648214 10.6154 10.6154 1.23646 0.245004 -0.6004703857 1.080858515
24 107 1.03050 1.29756 0.667116 10.5791 10.5791 1.33216 0.233840 -0.7299490804 1.114364900
25 107 1.04956 1.28656 0.685314 10.5496 10.5496 1.42726 0.239328 -0.8704499552 1.131092989
26 107 1.06563 1.26915 0.702833 10.5263 10.5263 1.53147 0.269835 -1.023132857 1.139548394
27 107 1.07683 1.24195 0.719987 10.5155 10.5155 1.65169 0.326207 -1.187199498 1.148312615
28 107 1.08305 1.20893 0.736389 10.4878 10.4878 1.78492 0.399451 -1.352865395 1.164338426
29 107 1.08673 1.17783 0.751457 10.4731 10.4731 1.91973 0.477677 -1.511098614 1.184025034
30 107 1.08952 1.15186 0.765050 10.4609 10.4609 2.04904 0.554732 -1.658285792 1.203584132
31 107 1.09372 1.13487 0.777844 10.4505 10.4505 2.16482 0.625807 -1.789582838 1.218115061
32 107 1.09956 1.12710 0.789297 10.4418 10.4418 2.26135 0.688884 -1.905279907 1.218020173
33 107 1.10911 1.12775 0.801313 10.4345 10.4345 2.34268 0.669649 -2.013013461 1.198298193
34 107 1.12553 1.13724 0.817121 10.4291 10.4291 2.41572 0.607969 -2.118248736 1.161331002
35 107 1.17792 1.18380 0.858417 10.4340 10.4340 2.48307 0.543551 -2.221910887 1.108488558
36 107 0.964144 0.963905 0.704874 10.4632 10.4632 2.54739 0.478302 -2.325843579 1.039047671
37 107 1.07221 1.06482 0.786467 10.4144 10.4144 2.61441 0.414887 -2.434621427 0.9527601920
38 107 1.09078 1.07216 0.803675 10.4087 10.4087 2.69316 0.357217 -2.554033365 0.8544088693
39 107 1.09801 1.06379 0.813991 10.4050 10.4050 2.78750 0.311627 -2.684189619 0.7518334341
40 107 1.10053 1.04760 0.822012 10.4019 10.4019 2.89529 0.288134 -2.821490152 0.6495227263
41 107 1.10050 1.02714 0.828866 10.3994 10.3994 3.01290 0.297080 -2.962447061 0.5490144155
42 107 1.09933 1.00466 0.835221 10.3973 10.3973 3.13761 0.341019 -3.105235293 0.4495260136
43 107 1.09045 0.974175 0.835988 10.3956 10.3956 3.27077 0.413968 -3.251878667 0.3509900068
44 107 1.09025 0.950102 0.843725 10.3942 10.3942 3.41486 0.508475 -3.405094851 0.2580523817
45 107 1.08581 0.921585 0.848283 10.3932 10.3932 3.56779 0.618826 -3.563322336 0.1783498667
46 107 1.08071 0.893334 0.851950 10.3926 10.3926 3.72259 0.740532 -3.720703219 0.1182369335
47 107 1.07631 0.868226 0.855281 10.3926 10.3926 3.86883 0.868994 -3.867957347 0.08186360397
48 107 1.07261 0.848111 0.857813 10.3934 10.3934 3.99313 0.998558 -3.992557432 0.06735585168
49 107 1.07007 0.834284 0.859690 10.3957 10.3957 4.08589 1.12398 -4.085388616 0.06391057194
50 107 1.06853 0.825737 0.861026 10.4010 10.4010 4.14894 1.24327 -4.148535867 0.05790301020
51 107 1.06758 0.820262 0.861970 10.4150 10.4150 4.19208 1.35753 -4.191830676 0.04479490192
52 107 1.06697 0.816765 0.862588 10.4672 10.4672 4.22032 1.46672 -4.220223301 0.02794617488
53 107 1.06668 0.815055 0.862894 11.1337 11.1337 4.23433 1.56949 -4.234312075 0.009481083850
54 107 1.06668 0.815055 0.862894 11.1337 11.1337 4.23433 1.56949 -4.234312075 -0.009481083850
55 107 1.06697 0.816765 0.862588 10.4672 10.4672 4.22032 1.46672 -4.220223301 -0.02794617488
56 107 1.06758 0.820262 0.861970 10.4150 10.4150 4.19208 1.35753 -4.191830676 -0.04479490192
57 107 1.06853 0.825737 0.861026 10.4010 10.4010 4.14894 1.24327 -4.148535867 -0.05790301020
58 107 1.07007 0.834284 0.859690 10.3957 10.3957 4.08589 1.12398 -4.085388616 -0.06391057194
59 107 1.07261 0.848111 0.857813 10.3934 10.3934 3.99313 0.998558 -3.992557432 -0.06735585168
60 107 1.07631 0.868226 0.855281 10.3926 10.3926 3.86883 0.868994 -3.867957347 -0.08186360397
61 107 1.08071 0.893334 0.851950 10.3926 10.3926 3.72259 0.740532 -3.720703219 -0.1182369335
62 107 1.08581 0.921585 0.848283 10.3932 10.3932 3.56779 0.618826 -3.563322336 -0.1783498667
63 107 1.09025 0.950102 0.843725 10.3942 10.3942 3.41486 0.508475 -3.405094851 -0.2580523817
64 107 1.09045 0.974175 0.835988 10.3956 10.3956 3.27077 0.413968 -3.251878667 -0.3509900068
65 107 1.09933 1.00466 0.835221 10.3973 10.3973 3.13761 0.341019 -3.105235293 -0.4495260136
66 107 1.10050 1.02714 0.828866 10.3994 10.3994 3.01290 0.297080 -2.962447061 -0.5490144155
67 107 1.10053 1.04760 0.822012 10.4019 10.4019 2.89529 0.288134 -2.821490152 -0.6495227263
68 107 1.09801 1.06379 0.813991 10.4050 10.4050 2.78750 0.311627 -2.684189619 -0.7518334341
69 107 1.09078 1.07216 0.803675 10.4087 10.4087 2.69316 0.357217 -2.554033365 -0.8544088693
70 107 1.07221 1.06482 0.786467 10.4144 10.4144 2.61441 0.414887 -2.434621427 -0.9527601920
71 107 0.964144 0.963905 0.704874 10.4632 10.4632 2.54739 0.478302 -2.325843579 -1.039047671
72 107 1.17792 1.18380 0.858417 10.4340 10.4340 2.48307 0.543551 -2.221910887 -1.108488558
73 107 1.12553 1.13724 0.817121 10.4291 10.4291 2.41572 0.607969 -2.118248736 -1.161331002
74 107 1.10911 1.12775 0.801313 10.4345 10.4345 2.34268 0.669649 -2.013013461 -1.198298193
75 107 1.09956 1.12710 0.789297 10.4418 10.4418 2.26135 0.688884 -1.905279907 -1.218020173
76 107 1.09372 1.13487 0.777844 10.4505 10.4505 2.16482 0.625807 -1.789582838 -1.218115061
77 107 1.08952 1.15186 0.765050 10.4609 10.4609 2.04904 0.554732 -1.658285792 -1.203584132
78 107 1.08673 1.17783 0.751457 10.4731 10.4731 1.91973 0.477677 -1.511098614 -1.184025034
79 107 1.08305 1.20893 0.736389 10.4878 10.4878 1.78492 0.399451 -1.352865395 -1.164338426
80 107 1.07683 1.24195 0.719987 10.5155 10.5155 1.65169 0.326207 -1.187199498 -1.148312615
81 107 1.06563 1.26915 0.702833 10.5263 10.5263 1.53147 0.269835 -1.023132857 -1.139548394
82 107 1.04956 1.28656 0.685314 10.5496 10.5496 1.42726 0.239328 -0.8704499552 -1.131092989
83 107 1.03050 1.29756 0.667116 10.5791 10.5791 1.33216 0.233840 -0.7299490804 -1.114364900
84 107 1.01246 1.31089 0.648214 10.6154 10.6154 1.23646 0.245004 -0.6004703857 -1.080858515
85 107 1.00271 1.34709 0.630765 10.6605 10.6605 1.12743 0.267479 -0.4705270461 -1.024544455
23 108 1.00917 1.31562 0.644031 7.54737 7.54737 1.21449 0.248703 -0.5733366495 1.070633933
25 108 1.04536 1.28955 0.681184 7.49894 7.49894 1.40467 0.235999 -0.8368541563 1.128167896
29 108 1.08587 1.18575 0.747553 7.44271 7.44271 1.88383 0.456600 -1.469553361 1.178652604
31 108 1.09310 1.13952 0.774829 7.42606 7.42606 2.13348 0.606246 -1.753690582 1.215019121
35 108 1.15022 1.15791 0.837274 7.40867 7.40867 2.46174 0.564622 -2.188416141 1.127382192
37 108 1.05834 1.05377 0.775356 7.40103 7.40103 2.59058 0.436196 -2.396385043 0.9840739084
41 108 1.10072 1.03524 0.826365 7.38840 7.38840 2.96733 0.289458 -2.908696498 0.5869636131
43 108 1.10120 0.992961 0.841166 7.38552 7.38552 3.21653 0.381959 -3.192804639 0.3899264056
47 108 1.07821 0.878696 0.853958 7.38286 7.38286 3.80708 0.812603 -3.805899042 0.09468844853
49 108 1.07108 0.839789 0.858916 7.38419 7.38419 4.04791 1.06782 -4.047381488 0.06505732471
53 108 1.06678 0.815678 0.862783 7.51131 7.51131 4.22921 1.51995 -4.229167240 0.01866810774
55 108 1.06678 0.815678 0.862783 7.51131 7.51131 4.22921 1.51995 -4.229167240 -0.01866810774
59 108 1.07108 0.839789 0.858916 7.38419 7.38419 4.04791 1.06782 -4.047381488 -0.06505732471
61 108 1.07821 0.878696 0.853958 7.38286 7.38286 3.80708 0.812603 -3.805899042 -0.09468844853
65 108 1.10120 0.992961 0.841166 7.38552 7.38552 3.21653 0.381959 -3.192804639 -0.3899264056
67 108 1.10072 1.03524 0.826365 7.38840 7.38840 2.96733 0.289458 -2.908696498 -0.5869636131
71 108 1.05834 1.05377 0.775356 7.40103 7.40103 2.59058 0.436196 -2.396385043 -0.9840739084
73 108 1.15022 1.15791 0.837274 7.40867 7.40867 2.46174 0.564622 -2.188416141 -1.127382192
77 108 1.09310 1.13952 0.774829 7.42606 7.42606 2.13348 0.606246 -1.753690582 -1.215019121
79 108 1.08587 1.18575 0.747553 7.44271 7.44271 1.88383 0.456600 -1.469553361 -1.178652604
83 108 1.04536 1.28955 0.681184 7.49894 7.49894 1.40467 0.235999 -0.8368541563 -1.128167896
85 108 1.00917 1.31562 0.644031 7.54737 7.54737 1.21449 0.248703 -0.5733366495 -1.070633933
22 109 1.02720 1.40601 0.640748 10.7862 10.7862 1.07995 0.280908 -0.4155649794 0.9967887506
23 109 1.00631 1.32141 0.639978 10.7320 10.7320 1.19221 0.252839 -0.5464913805 1.059577092
24 109 1.02244 1.30262 0.659128 10.6927 10.6927 1.29105 0.237388 -0.6719739060 1.102384572
25 109 1.04109 1.29219 0.677087 10.6607 10.6607 1.38289 0.234009 -0.8044853210 1.124800092
26 109 1.05845 1.27851 0.694531 10.6346 10.6346 1.48016 0.251941 -0.9487146835 1.136132830
27 109 1.07199 1.25668 0.711536 10.6247 10.6247 1.58988 0.295335 -1.104869383 1.143228966
28 109 1.08034 1.22604 0.728105 10.5946 10.5946 1.71563 0.360588 -1.268326450 1.155294049
29 109 1.08496 1.19386 0.743619 10.5780 10.5780 1.84832 0.435907 -1.428072618 1.173401748
30 109 1.08803 1.16539 0.757754 10.5647 10.5647 1.97892 0.512737 -1.578892891 1.192976029
31 109 1.09021 1.14236 0.770055 10.5535 10.5535 2.10116 0.586362 -1.717059737 1.211009337
32 109 1.09571 1.13043 0.782579 10.5439 10.5439 2.20699 0.652728 -1.838894774 1.220339881
33 109 1.10283 1.12650 0.793873 10.5358 10.5358 2.29478 0.704995 -1.948264570 1.212539532
34 109 1.11406 1.12994 0.806475 10.5292 10.5292 2.37093 0.646870 -2.052821288 1.186258049
35 109 1.13580 1.14534 0.825788 10.5252 10.5252 2.44037 0.585147 -2.155464639 1.144269050
36 109 1.26626 1.27038 0.923838 10.5687 10.5687 2.50505 0.521382 -2.257005006 1.086829633
37 109 1.03229 1.03010 0.755452 10.5234 10.5234 2.56820 0.457582 -2.359923737 1.013097180
38 109 1.08003 1.06972 0.793139 10.5091 10.5091 2.63667 0.396595 -2.469508002 0.9238700334
39 109 1.09353 1.07088 0.806976 10.5043 10.5043 2.71844 0.342653 -2.590096237 0.8253940895
40 109 1.09902 1.06007 0.816280 10.5009 10.5009 2.81501 0.302737 -2.720175257 0.7244855313
41 109 1.10070 1.04283 0.823795 10.4980 10.4980 2.92366 0.287042 -2.856188084 0.6244501612
42 109 1.10028 1.02210 0.830333 10.4956 10.4956 3.04089 0.304192 -2.995021849 0.5261623582
43 109 1.09920 0.999911 0.836693 10.4936 10.4936 3.16490 0.354268 -3.135738146 0.4285780384
44 109 1.09202 0.971090 0.838693 10.4920 10.4920 3.29766 0.430700 -3.280854333 0.3324231514
45 109 1.08955 0.945205 0.844583 10.4907 10.4907 3.44104 0.526707 -3.432441703 0.2429992968
46 109 1.08506 0.917124 0.848930 10.4898 10.4898 3.59202 0.637167 -3.588109814 0.1675496362
47 109 1.08015 0.889715 0.852503 10.4893 10.4893 3.74351 0.757927 -3.741832550 0.1117743791
48 109 1.07581 0.865520 0.855621 10.4893 10.4893 3.88506 0.884506 -3.884253799 0.07911786394
49 109 1.07230 0.846428 0.858032 10.4902 10.4902 4.00400 1.01147 -4.003437620 0.06675049296
50 109 1.06991 0.833407 0.859819 10.4927 10.4927 4.09211 1.13406 -4.091608209 0.06365966886
51 109 1.06846 0.825314 0.861097 10.4983 10.4983 4.15222 1.25075 -4.151815651 0.05725304855
52 109 1.06754 0.820061 0.862005 10.5130 10.5130 4.19369 1.36266 -4.193450385 0.04407849871
53 109 1.06696 0.816695 0.862601 10.5676 10.5676 4.22090 1.46965 -4.220801073 0.02745377795
54 109 1.06667 0.815047 0.862896 11.2663 11.2663 4.23439 1.57040 -4.234375941 0.009307842882
55 109 1.06667 0.815047 0.862896 11.2663 11.2663 4.23439 1.57040 -4.234375941 -0.009307842882
56 109 1.06696 0.816695 0.862601 10.5676 10.5676 4.22090 1.46965 -4.220801073 -0.02745377795
57 109 1.06754 0.820061 0.862005 10.5130 10.5130 4.19369 1.36266 -4.193450385 -0.04407849871
58 109 1.06846 0.825314 0.861097 10.4983 10.4983 4.15222 1.25075 -4.151815651 -0.05725304855
59 109 1.06991 0.833407 0.859819 10.4927 10.4927 4.09211 1.13406 -4.091608209 -0.06365966886
60 109 1.07230 0.846428 0.858032 10.4902 10.4902 4.00400 1.01147 -4.003437620 -0.06675049296
61 109 1.07581 0.865520 0.855621 10.4893 10.4893 3.88506 0.884506 -3.884253799 -0.07911786394
62 109 1.08015 0.889715 0.852503 10.4893 10.4893 3.74351 0.757927 -3.741832550 -0.1117743791
63 109 1.08506 0.917124 0.848930 10.4898 10.4898 3.59202 0.637167 -3.588109814 -0.1675496362
64 109 1.08955 0.945205 0.844583 10.4907 10.4907 3.44104 0.526707 -3.432441703 -0.2429992968
65 109 1.09202 0.971090 0.838693 10.4920 10.4920 3.29766 0.430700 -3.280854333 -0.3324231514
66 109 1.09920 0.999911 0.836693 10.4936 10.4936 3.16490 0.354268 -3.135738146 -0.4285780384
67 109 1.10028 1.02210 0.830333 10.4956 10.4956 3.04089 0.304192 -2.995021849 -0.5261623582
68 109 1.10070 1.04283 0.823795 10.4980 10.4980 2.92366 0.287042 -2.856188084 -0.6244501612
69 109 1.09902 1.06007 0.816280 10.5009 10.5009 2.81501 0.302737 -2.720175257 -0.7244855313
70 109 1.09353 1.07088 0.806976 10.5043 10.5043 2.71844 0.342653 -2.590096237 -0.8253940895
71 109 1.08003 1.06972 0.793139 10.5091 10.5091 2.63667 0.396595 -2.469508002 -0.9238700334
72 109 1.03229 1.03010 0.755452 10.5234 10.5234 2.56820 0.457582 -2.359923737 -1.013097180
73 109 1.26626 1.27038 0.923838 10.5687 10.5687 2.50505 0.521382 -2.257005006 -1.086829633
74 109 1.13580 1.14534 0.825788 10.5252 10.5252 2.44037 0.585147 -2.155464639 -1.144269050
75 109 1.11406 1.12994 0.806475 10.5292 10.5292 2.37093 0.646870 -2.052821288 -1.186258049
76 109 1.10283 1.12650 0.793873 10.5358 10.5358 2.29478 0.704995 -1.948264570 -1.212539532
77 109 1.09571 1.13043 0.782579 10.5439 10.5439 2.20699 0.652728 -1.838894774 -1.220339881
78 109 1.09021 1.14236 0.770055 10.5535 10.5535 2.10116 0.586362 -1.717059737 -1.211009337
79 109 1.08803 1.16539 0.757754 10.5647 10.5647 1.97892 0.512737 -1.578892891 -1.192976029
80 109 1.08496 1.19386 0.743619 10.5780 10.5780 1.84832 0.435907 -1.428072618 -1.173401748
81 109 1.08034 1.22604 0.728105 10.5946 10.5946 1.71563 0.360588 -1.268326450 -1.155294049
82 109 1.07199 1.25668 0.711536 10.6247 10.6247 1.58988 0.295335 -1.104869383 -1.143228966
83 109 1.05845 1.27851 0.694531 10.6346 10.6346 1.48016 0.251941 -0.9487146835 -1.136132830
84 109 1.04109 1.29219 0.677087 10.6607 10.6607 1.38289 0.234009 -0.8044853210 -1.124800092
85 109 1.02244 1.30262 0.659128 10.6927 10.6927 1.29105 0.237388 -0.6719739060 -1.102384572
86 109 1.00631 1.32141 0.639978 10.7320 10.7320 1.19221 0.252839 -0.5464913805 -1.059577092
87 109 1.02720 1.40601 0.640748 10.7862 10.7862 1.07995 0.280908 -0.4155649794 -0.9967887506
23 110 1.00402 1.32847 0.636174 7.63003 7.63003 1.16970 0.257465 -0.5198360716 1.047836421
27 110 1.06913 1.26298 0.707390 7.54408 7.54408 1.56141 0.282341 -1.065485213 1.141366636
29 110 1.08396 1.20210 0.739659 7.51681 7.51681 1.81328 0.415670 -1.386710837 1.168326941
31 110 1.08991 1.14844 0.766988 7.49869 7.49869 2.06805 0.566222 -1.679722079 1.206380423
37 110 0.960424 0.960235 0.702135 7.50352 7.50352 2.54681 0.478891 -2.324886623 1.039756523
39 110 1.09007 1.07230 0.802879 7.46268 7.46268 2.68769 0.360612 -2.546083334 0.8608637477
41 110 1.10039 1.04979 0.821137 7.45789 7.45789 2.88197 0.289380 -2.805010098 0.6615294313
43 110 1.09953 1.00860 0.834100 7.45458 7.45458 3.11555 0.331134 -3.080393553 0.4666911709
47 110 1.08247 0.901386 0.851237 7.45105 7.45105 3.67930 0.705331 -3.676890017 0.1328960222
49 110 1.07372 0.854188 0.857032 7.45126 7.45126 3.95454 0.955219 -3.953913146 0.07029843581
51 110 1.06904 0.828595 0.860558 7.45508 7.45508 4.12722 1.19732 -4.126764650 0.06113886242
53 110 1.06720 0.818095 0.862352 7.48066 7.48066 4.20952 1.41880 -4.209361071 0.03573082460
57 110 1.06720 0.818095 0.862352 7.48066 7.48066 4.20952 1.41880 -4.209361071 -0.03573082460
59 110 1.06904 0.828595 0.860558 7.45508 7.45508 4.12722 1.19732 -4.126764650 -0.06113886242
61 110 1.07372 0.854188 0.857032 7.45126 7.45126 3.95454 0.955219 -3.953913146 -0.07029843581
63 110 1.08247 0.901386 0.851237 7.45105 7.45105 3.67930 0.705331 -3.676890017 -0.1328960222
67 110 1.09953 1.00860 0.834100 7.45458 7.45458 3.11555 0.331134 -3.080393553 -0.4666911709
69 110 1.10039 1.04979 0.821137 7.45789 7.45789 2.88197 0.289380 -2.805010098 -0.6615294313
71 110 1.09007 1.07230 0.802879 7.46268 7.46268 2.68769 0.360612 -2.546083334 -0.8608637477
73 110 0.960424 0.960235 0.702135 7.50352 7.50352 2.54681 0.478891 -2.324886623 -1.039756523
79 110 1.08991 1.14844 0.766988 7.49869 7.49869 2.06805 0.566222 -1.679722079 -1.206380423
81 110 1.08396 1.20210 0.739659 7.51681 7.51681 1.81328 0.415670 -1.386710837 -1.168326941
83 110 1.06913 1.26298 0.707390 7.54408 7.54408 1.56141 0.282341 -1.065485213 -1.141366636
87 110 1.00402 1.32847 0.636174 7.63003 7.63003 1.16970 0.257465 -0.5198360716 -1.047836421
23 111 1.00261 1.33727 0.632852 10.8492 10.8492 1.14705 0.262610 -0.4933258846 1.035539504
25 111 1.03249 1.29667 0.668983 10.7718 10.7718 1.34137 0.233443 -0.7433149458 1.116576260
26 111 1.05068 1.28569 0.686434 10.7433 10.7433 1.43349 0.240470 -0.8797115858 1.131808255
28 111 1.07676 1.24224 0.719834 10.7113 10.7113 1.65053 0.325602 -1.185694002 1.148201690
29 111 1.08285 1.21041 0.735677 10.6828 10.6828 1.77882 0.395979 -1.345527228 1.163497258
31 111 1.08921 1.15457 0.763542 10.6560 10.6560 2.03440 0.545924 -1.641777343 1.201394036
32 111 1.09321 1.13708 0.776133 10.6456 10.6456 2.14830 0.615458 -1.770606320 1.216602647
34 111 1.10657 1.12699 0.798456 10.6292 10.6292 2.32526 0.683001 -1.989043475 1.204372432
35 111 1.12005 1.13345 0.812208 10.6234 10.6234 2.39726 0.624413 -2.090938428 1.172513746
38 111 1.05688 1.05252 0.774220 10.6115 10.6115 2.58876 0.437884 -2.393446535 0.9864503781
40 111 1.09560 1.06874 0.809842 10.5992 10.5992 2.74400 0.329702 -2.625623141 0.7972563946
41 111 1.09974 1.05604 0.818370 10.5960 10.5960 2.84236 0.295854 -2.755274010 0.6981928007
43 111 1.10002 1.01716 0.831727 10.5910 10.5910 3.06821 0.312779 -3.026500968 0.5041615889
44 111 1.09947 0.995624 0.838422 10.5891 10.5891 3.19158 0.368189 -3.165335238 0.4084287030
46 111 1.08883 0.940436 0.845380 10.5863 10.5863 3.46650 0.544711 -3.458933105 0.2289113769
47 111 1.08434 0.912847 0.849542 10.5854 10.5854 3.61541 0.655094 -3.611963929 0.1576105443
49 111 1.07535 0.862986 0.855938 10.5852 10.5852 3.90039 0.899463 -3.899633989 0.07676531994
50 111 1.07201 0.844869 0.858236 10.5862 10.5862 4.01416 1.02387 -4.013605088 0.06626220880
52 111 1.06839 0.824917 0.861164 10.5947 10.5947 4.15530 1.25794 -4.154904873 0.05659632476
53 111 1.06751 0.819870 0.862039 10.6101 10.6101 4.19521 1.36760 -4.194982690 0.04338143299
55 111 1.06667 0.815040 0.862897 11.3991 11.3991 4.23445 1.57127 -4.234436384 0.009140806636
56 111 1.06667 0.815040 0.862897 11.3991 11.3991 4.23445 1.57127 -4.234436384 -0.009140806636
58 111 1.06751 0.819870 0.862039 10.6101 10.6101 4.19521 1.36760 -4.194982690 -0.04338143299
59 111 1.06839 0.824917 0.861164 10.5947 10.5947 4.15530 1.25794 -4.154904873 -0.05659632476
61 111 1.07201 0.844869 0.858236 10.5862 10.5862 4.01416 1.02387 -4.013605088 -0.06626220880
62 111 1.07535 0.862986 0.855938 10.5852 10.5852 3.90039 0.899463 -3.899633989 -0.07676531994
64 111 1.08434 0.912847 0.849542 10.5854 10.5854 3.61541 0.655094 -3.611963929 -0.1576105443
65 111 1.08883 0.940436 0.845380 10.5863 10.5863 3.46650 0.544711 -3.458933105 -0.2289113769
67 111 1.09947 0.995624 0.838422 10.5891 10.5891 3.19158 0.368189 -3.165335238 -0.4084287030
68 111 1.10002 1.01716 0.831727 10.5910 10.5910 3.06821 0.312779 -3.026500968 -0.5041615889
70 111 1.09974 1.05604 0.818370 10.5960 10.5960 2.84236 0.295854 -2.755274010 -0.6981928007
71 111 1.09560 1.06874 0.809842 10.5992 10.5992 2.74400 0.329702 -2.625623141 -0.7972563946
73 111 1.05688 1.05252 0.774220 10.6115 10.6115 2.58876 0.437884 -2.393446535 -0.9864503781
76 111 1.12005 1.13345 0.812208 10.6234 10.6234 2.39726 0.624413 -2.090938428 -1.172513746
77 111 1.10657 1.12699 0.798456 10.6292 10.6292 2.32526 0.683001 -1.989043475 -1.204372432
79 111 1.09321 1.13708 0.776133 10.6456 10.6456 2.14830 0.615458 -1.770606320 -1.216602647
80 111 1.08921 1.15457 0.763542 10.6560 10.6560 2.03440 0.545924 -1.641777343 -1.201394036
82 111 1.08285 1.21041 0.735677 10.6828 10.6828 1.77882 0.395979 -1.345527228 -1.163497258
83 111 1.07676 1.24224 0.719834 10.7113 10.7113 1.65053 0.325602 -1.185694002 -1.148201690
85 111 1.05068 1.28569 0.686434 10.7433 10.7433 1.43349 0.240470 -0.8797115858 -1.131808255
86 111 1.03249 1.29667 0.668983 10.7718 10.7718 1.34137 0.233443 -0.7433149458 -1.116576260
88 111 1.00261 1.33727 0.632852 10.8492 10.8492 1.14705 0.262610 -0.4933258846 -1.035539504
23 112 1.00291 1.34893 0.630548 7.71323 7.71323 1.12433 0.268284 -0.4669340700 1.022780137
25 112 1.02803 1.29842 0.664825 7.65610 7.65610 1.32138 0.234512 -0.7144518736 1.111567772
27 112 1.06266 1.27345 0.699269 7.61811 7.61811 1.50896 0.261378 -0.9907402007 1.138148097
29 112 1.08160 1.21871 0.731680 7.59086 7.59086 1.74506 0.376938 -1.304592927 1.158987704
31 112 1.08849 1.16109 0.760014 7.57101 7.57101 2.00046 0.525586 -1.603375171 1.196251824
33 112 1.09637 1.12953 0.783884 7.55682 7.55682 2.21803 0.659922 -1.852079049 1.220421084
37 112 1.27116 1.27524 0.927442 7.57737 7.57737 2.50562 0.520809 -2.257912322 1.086244681
39 112 1.07907 1.06921 0.792288 7.53277 7.53277 2.63337 0.399206 -2.464390526 0.9281122826
41 112 1.09869 1.06148 0.815466 7.52693 7.52693 2.80493 0.305765 -2.707081463 0.7343891838
43 112 1.10043 1.02538 0.829383 7.52319 7.52319 3.02267 0.299360 -2.973851295 0.5410033968
45 112 1.09026 0.974216 0.835776 7.52058 7.52058 3.26954 0.413211 -3.250542216 0.3518556356
47 112 1.08628 0.924401 0.847869 7.51887 7.51887 3.55255 0.607417 -3.547703513 0.1853980488
51 112 1.07066 0.837498 0.859231 7.52000 7.52000 4.06351 1.08987 -4.062994290 0.06461744464
53 112 1.06788 0.822015 0.861663 7.52960 7.52960 4.17810 1.31624 -4.177796735 0.05022509589
55 112 1.06677 0.815619 0.862793 7.65946 7.65946 4.22970 1.52358 -4.229651927 0.01801221751
57 112 1.06677 0.815619 0.862793 7.65946 7.65946 4.22970 1.52358 -4.229651927 -0.01801221751
59 112 1.06788 0.822015 0.861663 7.52960 7.52960 4.17810 1.31624 -4.177796735 -0.05022509589
61 112 1.07066 0.837498 0.859231 7.52000 7.52000 4.06351 1.08987 -4.062994290 -0.06461744464
65 112 1.08628 0.924401 0.847869 7.51887 7.51887 3.55255 0.607417 -3.547703513 -0.1853980488
67 112 1.09026 0.974216 0.835776 7.52058 7.52058 3.26954 0.413211 -3.250542216 -0.3518556356
69 112 1.10043 1.02538 0.829383 7.52319 7.52319 3.02267 0.299360 -2.973851295 -0.5410033968
71 112 1.09869 1.06148 0.815466 7.52693 7.52693 2.80493 0.305765 -2.707081463 -0.7343891838
73 112 1.07907 1.06921 0.792288 7.53277 7.53277 2.63337 0.399206 -2.464390526 -0.9281122826
75 112 1.27116 1.27524 0.927442 7.57737 7.57737 2.50562 0.520809 -2.257912322 -1.086244681
79 112 1.09637 1.12953 0.783884 7.55682 7.55682 2.21803 0.659922 -1.852079049 -1.220421084
81 112 1.08849 1.16109 0.760014 7.57101 7.57101 2.00046 0.525586 -1.603375171 -1.196251824
83 112 1.08160 1.21871 0.731680 7.59086 7.59086 1.74506 0.376938 -1.304592927 -1.158987704
85 112 1.06266 1.27345 0.699269 7.61811 7.61811 1.50896 0.261378 -0.9907402007 -1.138148097
87 112 1.02803 1.29842 0.664825 7.65610 7.65610 1.32138 0.234512 -0.7144518736 -1.111567772
89 112 1.00291 1.34893 0.630548 7.71323 7.71323 1.12433 0.268284 -0.4669340700 -1.022780137
23 113 1.00745 1.36697 0.630862 10.9679 10.9679 1.10160 0.274488 -0.4406291853 1.009633348
24 113 1.00829 1.31719 0.642831 10.9206 10.9206 1.20802 0.249862 -0.5654826691 1.067488367
25 113 1.02479 1.30164 0.661404 10.8830 10.8830 1.30167 0.236236 -0.6866412547 1.105829279
26 113 1.04257 1.29131 0.678498 10.8522 10.8522 1.39034 0.234555 -0.8155534865 1.126017603
27 113 1.05914 1.27775 0.695291 10.8269 10.8269 1.48470 0.253316 -0.9553692558 1.136474812
28 113 1.07209 1.25644 0.711685 10.8187 10.8187 1.59093 0.295830 -1.106299755 1.143301971
29 113 1.08017 1.22691 0.727676 10.7878 10.7878 1.71214 0.358672 -1.263996082 1.154874539
30 113 1.08473 1.19577 0.742697 10.7713 10.7713 1.84010 0.431141 -1.418408878 1.172199494
31 113 1.08776 1.16794 0.756438 10.7581 10.7581 1.96645 0.505323 -1.564681354 1.191083015
32 113 1.09021 1.14530 0.768733 10.7468 10.7468 2.08572 0.576948 -1.699641119 1.208899565
33 113 1.09484 1.13197 0.780685 10.7372 10.7372 2.19054 0.642131 -1.819484408 1.219798837
34 113 1.10111 1.12665 0.791541 10.7289 10.7289 2.27811 0.700455 -1.926607979 1.215708873
35 113 1.11086 1.12843 0.803188 10.7221 10.7221 2.35343 0.661141 -2.028029879 1.194037291
36 113 1.12770 1.13887 0.819007 10.7172 10.7172 2.42188 0.602354 -2.127472039 1.157299664
37 113 1.18262 1.18832 0.861951 10.7238 10.7238 2.48538 0.541243 -2.225568251 1.106319964
38 113 0.956721 0.956579 0.699410 10.7583 10.7583 2.54625 0.479450 -2.323980819 1.040426415
39 113 1.06991 1.06313 0.784571 10.7030 10.7030 2.60938 0.419243 -2.426617008 0.9593616874
40 113 1.08935 1.07237 0.802102 10.6971 10.6971 2.68256 0.363869 -2.538597333 0.8669600313
41 113 1.09716 1.06597 0.812384 10.6933 10.6933 2.76973 0.318416 -2.660523498 0.7700475924
42 113 1.10023 1.05181 0.820294 10.6903 10.6903 2.86948 0.290974 -2.789456457 0.6729238777
43 113 1.10069 1.03322 0.827010 10.6877 10.6877 2.97881 0.290899 -2.922330625 0.5773033865
44 113 1.09974 1.01233 0.833065 10.6855 10.6855 3.09488 0.322610 -3.056957723 0.4829519052
45 113 1.10140 0.992935 0.841380 10.6838 10.6838 3.21771 0.382624 -3.194094559 0.3890629967
46 113 1.09172 0.962146 0.841328 10.6822 10.6822 3.34974 0.464403 -3.336457951 0.2980006905
47 113 1.08812 0.935806 0.846125 10.6811 10.6811 3.49126 0.562457 -3.484583038 0.2157460177
48 113 1.08365 0.908752 0.850124 10.6803 10.6803 3.63795 0.672602 -3.634911407 0.1484788931
49 113 1.07896 0.882921 0.853413 10.6799 10.6799 3.78258 0.791176 -3.781228573 0.1008137116
50 113 1.07492 0.860612 0.856237 10.6802 10.6802 3.91486 0.913888 -3.914145837 0.07475782610
51 113 1.07174 0.843424 0.858427 10.6813 10.6813 4.02366 1.03578 -4.023111887 0.06586605940
52 113 1.06963 0.831844 0.860052 10.6841 10.6841 4.10333 1.15302 -4.102836320 0.06309692857
53 113 1.06832 0.824544 0.861228 10.6903 10.6903 4.15820 1.26485 -4.157819432 0.05593560101
54 113 1.06748 0.819691 0.862070 10.7065 10.7065 4.19666 1.37235 -4.196433775 0.04270326063
55 113 1.06694 0.816565 0.862624 10.7663 10.7663 4.22195 1.47516 -4.221865614 0.02651809540
56 113 1.06667 0.815033 0.862898 11.5320 11.5320 4.23451 1.57212 -4.234493645 0.008979648300
57 113 1.06667 0.815033 0.862898 11.5320 11.5320 4.23451 1.57212 -4.234493645 -0.008979648300
58 113 1.06694 0.816565 0.862624 10.7663 10.7663 4.22195 1.47516 -4.221865614 -0.02651809540
59 113 1.06748 0.819691 0.862070 10.7065 10.7065 4.19666 1.37235 -4.196433775 -0.04270326063
60 113 1.06832 0.824544 0.861228 10.6903 10.6903 4.15820 1.26485 -4.157819432 -0.05593560101
61 113 1.06963 0.831844 0.860052 10.6841 10.6841 4.10333 1.15302 -4.102836320 -0.06309692857
62 113 1.07174 0.843424 0.858427 10.6813 10.6813 4.02366 1.03578 -4.023111887 -0.06586605940
63 113 1.07492 0.860612 0.856237 10.6802 10.6802 3.91486 0.913888 -3.914145837 -0.07475782610
64 113 1.07896 0.882921 0.853413 10.6799 10.6799 3.78258 0.791176 -3.781228573 -0.1008137116
65 113 1.08365 0.908752 0.850124 10.6803 10.6803 3.63795 0.672602 -3.634911407 -0.1484788931
66 113 1.08812 0.935806 0.846125 10.6811 10.6811 3.49126 0.562457 -3.484583038 -0.2157460177
67 113 1.09172 0.962146 0.841328 10.6822 10.6822 3.34974 0.464403 -3.336457951 -0.2980006905
68 113 1.10140 0.992935 0.841380 10.6838 10.6838 3.21771 0.382624 -3.194094559 -0.3890629967
69 113 1.09974 1.01233 0.833065 10.6855 10.6855 3.09488 0.322610 -3.056957723 -0.4829519052
70 113 1.10069 1.03322 0.827010 10.6877 10.6877 2.97881 0.290899 -2.922330625 -0.5773033865
71 113 1.10023 1.05181 0.820294 10.6903 10.6903 2.86948 0.290974 -2.789456457 -0.6729238777
72 113 1.09716 1.06597 0.812384 10.6933 10.6933 2.76973 0.318416 -2.660523498 -0.7700475924
73 113 1.08935 1.07237 0.802102 10.6971 10.6971 2.68256 0.363869 -2.538597333 -0.8669600313
74 113 1.06991 1.06313 0.784571 10.7030 10.7030 2.60938 0.419243 -2.426617008 -0.9593616874
75 113 0.956721 0.956579 0.699410 10.7583 10.7583 2.54625 0.479450 -2.323980819 -1.040426415
76 113 1.18262 1.18832 0.861951 10.7238 10.7238 2.48538 0.541243 -2.225568251 -1.106319964
77 113 1.12770 1.13887 0.819007 10.7172 10.7172 2.42188 0.602354 -2.127472039 -1.157299664
78 113 1.11086 1.12843 0.803188 10.7221 10.7221 2.35343 0.661141 -2.028029879 -1.194037291
79 113 1.10111 1.12665 0.791541 10.7289 10.7289 2.27811 0.700455 -1.926607979 -1.215708873
80 113 1.09484 1.13197 0.780685 10.7372 10.7372 2.19054 0.642131 -1.819484408 -1.219798837
81 113 1.09021 1.14530 0.768733 10.7468 10.7468 2.08572 0.576948 -1.699641119 -1.208899565
82 113 1.08776 1.16794 0.756438 10.7581 10.7581 1.96645 0.505323 -1.564681354 -1.191083015
83 113 1.08473 1.19577 0.742697 10.7713 10.7713 1.84010 0.431141 -1.418408878 -1.172199494
84 113 1.08017 1.22691 0.727676 10.7878 10.7878 1.71214 0.358672 -1.263996082 -1.154874539
85 113 1.07209 1.25644 0.711685 10.8187 10.8187 1.59093 0.295830 -1.106299755 -1.143301971
86 113 1.05914 1.27775 0.695291 10.8269 10.8269 1.48470 0.253316 -0.9553692558 -1.136474812
87 113 1.04257 1.29131 0.678498 10.8522 10.8522 1.39034 0.234555 -0.8155534865 -1.126017603
88 113 1.02479 1.30164 0.661404 10.8830 10.8830 1.30167 0.236236 -0.6866412547 -1.105829279
89 113 1.00829 1.31719 0.642831 10.9206 10.9206 1.20802 0.249862 -0.5654826691 -1.067488367
90 113 1.00745 1.36697 0.630862 10.9679 10.9679 1.10160 0.274488 -0.4406291853 -1.009633348
23 114 1.02929 1.40946 0.641932 7.80072 7.80072 1.07892 0.281226 -0.4143718676 0.9961710504
25 114 1.02062 1.30368 0.657284 7.73482 7.73482 1.28207 0.238463 -0.6597584595 1.099275072
29 114 1.07855 1.23488 0.723676 7.66613 7.66613 1.68022 0.341321 -1.223848953 1.151228121
31 114 1.08703 1.17508 0.752838 7.64306 7.64306 1.93254 0.485235 -1.525843773 1.185953752
35 114 1.10740 1.12721 0.799407 7.61649 7.61649 2.33119 0.678515 -1.997155177 1.202418886
37 114 1.15343 1.16082 0.839771 7.61195 7.61195 2.46520 0.561241 -2.193808653 1.124458241
41 114 1.09507 1.06941 0.809072 7.59556 7.59556 2.73679 0.333179 -2.615690952 0.8050776792
43 114 1.10074 1.04059 0.824581 7.59134 7.59134 2.93666 0.287246 -2.871927355 0.6131611881
47 114 1.08980 0.946905 0.844290 7.58628 7.58628 3.43196 0.520350 -3.422968307 0.2481559846
49 114 1.08074 0.893561 0.851909 7.58523 7.58523 3.72125 0.739427 -3.719349805 0.1186645271
53 114 1.06885 0.827538 0.860728 7.59002 7.59002 4.13518 1.21346 -4.134741342 0.06015115474
55 114 1.06716 0.817868 0.862392 7.61807 7.61807 4.21136 1.42622 -4.211210891 0.03456277616
59 114 1.06716 0.817868 0.862392 7.61807 7.61807 4.21136 1.42622 -4.211210891 -0.03456277616
61 114 1.06885 0.827538 0.860728 7.59002 7.59002 4.13518 1.21346 -4.134741342 -0.06015115474
65 114 1.08074 0.893561 0.851909 7.58523 7.58523 3.72125 0.739427 -3.719349805 -0.1186645271
67 114 1.08980 0.946905 0.844290 7.58628 7.58628 3.43196 0.520350 -3.422968307 -0.2481559846
71 114 1.10074 1.04059 0.824581 7.59134 7.59134 2.93666 0.287246 -2.871927355 -0.6131611881
73 114 1.09507 1.06941 0.809072 7.59556 7.59556 2.73679 0.333179 -2.615690952 -0.8050776792
77 114 1.15343 1.16082 0.839771 7.61195 7.61195 2.46520 0.561241 -2.193808653 -1.124458241
79 114 1.10740 1.12721 0.799407 7.61649 7.61649 2.33119 0.678515 -1.997155177 -1.202418886
83 114 1.08703 1.17508 0.752838 7.64306 7.64306 1.93254 0.485235 -1.525843773 -1.185953752
85 114 1.07855 1.23488 0.723676 7.66613 7.66613 1.68022 0.341321 -1.223848953 -1.151228121
89 114 1.02062 1.30368 0.657284 7.73482 7.73482 1.28207 0.238463 -0.6597584595 -1.099275072
91 114 1.02929 1.40946 0.641932 7.80072 7.80072 1.07892 0.281226 -0.4143718676 -0.9961710504
24 115 1.00364 1.33014 0.635431 11.0351 11.0351 1.16499 0.258493 -0.5143020750 1.045316867
26 115 1.03432 1.29580 0.670694 10.9611 10.9611 1.34996 0.233232 -0.7558646244 1.118500312
27 115 1.05171 1.28486 0.687474 10.9336 10.9336 1.43932 0.241624 -0.8883714724 1.132444345
28 115 1.06635 1.26799 0.703736 10.9118 10.9118 1.53729 0.272164 -1.031447650 1.139900567
29 115 1.07669 1.24250 0.719693 10.9037 10.9037 1.64945 0.325041 -1.184293329 1.148099121
31 115 1.08624 1.18240 0.749194 10.8598 10.8598 1.89884 0.465396 -1.486971080 1.180893139
32 115 1.08892 1.15717 0.762115 10.8476 10.8476 2.02064 0.537659 -1.626222217 1.199314874
33 115 1.09312 1.13972 0.774767 10.8372 10.8372 2.13251 0.605648 -1.752591424 1.214909510
34 115 1.09703 1.12879 0.785119 10.8282 10.8282 2.22826 0.666655 -1.864427055 1.220267958
36 115 1.11587 1.13091 0.808261 10.8144 10.8144 2.37970 0.639519 -2.065412230 1.181956713
37 115 1.13833 1.14746 0.827847 10.8110 10.8110 2.44500 0.580758 -2.162547077 1.140781258
38 115 1.27608 1.28012 0.931057 10.8616 10.8616 2.50615 0.520266 -2.258772384 1.085689043
39 115 1.02821 1.02624 0.752381 10.8108 10.8108 2.56596 0.459774 -2.356270455 1.015940242
41 115 1.09230 1.07162 0.805439 10.7901 10.7901 2.70614 0.349516 -2.572671901 0.8393573214
42 115 1.09834 1.06275 0.814678 10.7866 10.7866 2.79549 0.308840 -2.694726069 0.7437835282
43 115 1.10054 1.04744 0.822076 10.7838 10.7838 2.89628 0.288060 -2.822704781 0.6486404066
44 115 1.10055 1.02846 0.828472 10.7813 10.7813 3.00552 0.295507 -2.953814487 0.5550868159
47 115 1.09122 0.957526 0.842315 10.7761 10.7761 3.37495 0.481231 -3.363133216 0.2821202426
48 115 1.08740 0.931319 0.846825 10.7750 10.7750 3.51530 0.579920 -3.509406548 0.2034590066
49 115 1.08300 0.904845 0.850688 10.7743 10.7743 3.65967 0.689691 -3.656978602 0.1401037467
51 115 1.07451 0.858392 0.856519 10.7744 10.7744 3.92852 0.927799 -3.927835939 0.07305178552
52 115 1.07150 0.842082 0.858605 10.7756 10.7756 4.03254 1.04724 -4.032006746 0.06554090263
53 115 1.06950 0.831145 0.860159 10.7785 10.7785 4.10840 1.16196 -4.107915334 0.06278160077
54 115 1.06826 0.824192 0.861288 10.7851 10.7851 4.16095 1.27151 -4.160573457 0.05527332738
56 115 1.06692 0.816505 0.862635 10.8646 10.8646 4.22244 1.47777 -4.222356573 0.02607325016
57 115 1.06667 0.815026 0.862899 11.6652 11.6652 4.23456 1.57293 -4.234547944 0.008824063574
58 115 1.06667 0.815026 0.862899 11.6652 11.6652 4.23456 1.57293 -4.234547944 -0.008824063574
59 115 1.06692 0.816505 0.862635 10.8646 10.8646 4.22244 1.47777 -4.222356573 -0.02607325016
61 115 1.06826 0.824192 0.861288 10.7851 10.7851 4.16095 1.27151 -4.160573457 -0.05527332738
62 115 1.06950 0.831145 0.860159 10.7785 10.7785 4.10840 1.16196 -4.107915334 -0.06278160077
63 115 1.07150 0.842082 0.858605 10.7756 10.7756 4.03254 1.04724 -4.032006746 -0.06554090263
64 115 1.07451 0.858392 0.856519 10.7744 10.7744 3.92852 0.927799 -3.927835939 -0.07305178552
66 115 1.08300 0.904845 0.850688 10.7743 10.7743 3.65967 0.689691 -3.656978602 -0.1401037467
67 115 1.08740 0.931319 0.846825 10.7750 10.7750 3.51530 0.579920 -3.509406548 -0.2034590066
68 115 1.09122 0.957526 0.842315 10.7761 10.7761 3.37495 0.481231 -3.363133216 -0.2821202426
71 115 1.10055 1.02846 0.828472 10.7813 10.7813 3.00552 0.295507 -2.953814487 -0.5550868159
72 115 1.10054 1.04744 0.822076 10.7838 10.7838 2.89628 0.288060 -2.822704781 -0.6486404066
73 115 1.09834 1.06275 0.814678 10.7866 10.7866 2.79549 0.308840 -2.694726069 -0.7437835282
74 115 1.09230 1.07162 0.805439 10.7901 10.7901 2.70614 0.349516 -2.572671901 -0.8393573214
76 115 1.02821 1.02624 0.752381 10.8108 10.8108 2.56596 0.459774 -2.356270455 -1.015940242
77 115 1.27608 1.28012 0.931057 10.8616 10.8616 2.50615 0.520266 -2.258772384 -1.085689043
78 115 1.13833 1.14746 0.827847 10.8110 10.8110 2.44500 0.580758 -2.162547077 -1.140781258
79 115 1.11587 1.13091 0.808261 10.8144 10.8144 2.37970 0.639519 -2.065412230 -1.181956713
81 115 1.09703 1.12879 0.785119 10.8282 10.8282 2.22826 0.666655 -1.864427055 -1.220267958
82 115 1.09312 1.13972 0.774767 10.8372 10.8372 2.13251 0.605648 -1.752591424 -1.214909510
83 115 1.08892 1.15717 0.762115 10.8476 10.8476 2.02064 0.537659 -1.626222217 -1.199314874
84 115 1.08624 1.18240 0.749194 10.8598 10.8598 1.89884 0.465396 -1.486971080 -1.180893139
86 115 1.07669 1.24250 0.719693 10.9037 10.9037 1.64945 0.325041 -1.184293329 -1.148099121
87 115 1.06635 1.26799 0.703736 10.9118 10.9118 1.53729 0.272164 -1.031447650 -1.139900567
88 115 1.05171 1.28486 0.687474 10.9336 10.9336 1.43932 0.241624 -0.8883714724 -1.132444345
89 115 1.03432 1.29580 0.670694 10.9611 10.9611 1.34996 0.233232 -0.7558646244 -1.118500312
91 115 1.00364 1.33014 0.635431 11.0351 11.0351 1.16499 0.258493 -0.5143020750 -1.045316867
25 116 1.01345 1.30974 0.649399 7.81369 7.81369 1.24255 0.244040 -0.6081406622 1.083553599
27 116 1.04786 1.28782 0.683626 7.76896 7.76896 1.41795 0.237801 -0.8566115501 1.129953140
31 116 1.08541 1.18992 0.745526 7.71486 7.71486 1.86545 0.445867 -1.448132407 1.175924341
33 116 1.09018 1.14215 0.770119 7.69824 7.69824 2.10215 0.586969 -1.718180484 1.211141376
35 116 1.10186 1.12655 0.792584 7.68602 7.68602 2.28566 0.705742 -1.936365551 1.214383332
37 116 1.12878 1.13969 0.819925 7.67802 7.67802 2.42471 0.599758 -2.131721543 1.155398718
39 116 0.953034 0.952936 0.696697 7.70969 7.70969 2.54573 0.479980 -2.323122170 1.041060471
41 116 1.08864 1.07239 0.801344 7.66390 7.66390 2.67775 0.366993 -2.531536809 0.8727253092
43 116 1.10004 1.05367 0.819479 7.65905 7.65905 2.85777 0.292844 -2.774757921 0.6837503527
45 116 1.09995 1.01585 0.832092 7.65567 7.65567 3.07545 0.315313 -3.034798313 0.4983756287
47 116 1.09209 0.967352 0.840004 7.65327 7.65327 3.32042 0.445239 -3.305240536 0.3171185311
49 116 1.08486 0.915918 0.849104 7.65179 7.65179 3.59860 0.642188 -3.594828437 0.1647047445
51 116 1.07613 0.867239 0.855405 7.65148 7.65148 3.87473 0.874599 -3.873885754 0.08083462097
53 116 1.07030 0.835533 0.859510 7.65346 7.65346 4.07712 1.11023 -4.076613015 0.06421413488
55 116 1.06779 0.821515 0.861750 7.66405 7.66405 4.18207 1.32745 -4.181781268 0.04881499796
57 116 1.06676 0.815566 0.862803 7.80593 7.80593 4.23013 1.52695 -4.230087269 0.01740048555
59 116 1.06676 0.815566 0.862803 7.80593 7.80593 4.23013 1.52695 -4.230087269 -0.01740048555
61 116 1.06779 0.821515 0.861750 7.66405 7.66405 4.18207 1.32745 -4.181781268 -0.04881499796
63 116 1.07030 0.835533 0.859510 7.65346 7.65346 4.07712 1.11023 -4.076613015 -0.06421413488
65 116 1.07613 0.867239 0.855405 7.65148 7.65148 3.87473 0.874599 -3.873885754 -0.08083462097
67 116 1.08486 0.915918 0.849104 7.65179 7.65179 3.59860 0.642188 -3.594828437 -0.1647047445
69 116 1.09209 0.967352 0.840004 7.65327 7.65327 3.32042 0.445239 -3.305240536 -0.3171185311
71 116 1.09995 1.01585 0.832092 7.65567 7.65567 3.07545 0.315313 -3.034798313 -0.4983756287
73 116 1.10004 1.05367 0.819479 7.65905 7.65905 2.85777 0.292844 -2.774757921 -0.6837503527
75 116 1.08864 1.07239 0.801344 7.66390 7.66390 2.67775 0.366993 -2.531536809 -0.8727253092
77 116 0.953034 0.952936 0.696697 7.70969 7.70969 2.54573 0.479980 -2.323122170 -1.041060471
79 116 1.12878 1.13969 0.819925 7.67802 7.67802 2.42471 0.599758 -2.131721543 -1.155398718
81 116 1.10186 1.12655 0.792584 7.68602 7.68602 2.28566 0.705742 -1.936365551 -1.214383332
83 116 1.09018 1.14215 0.770119 7.69824 7.69824 2.10215 0.586969 -1.718180484 -1.211141376
85 116 1.08541 1.18992 0.745526 7.71486 7.71486 1.86545 0.445867 -1.448132407 -1.175924341
89 116 1.04786 1.28782 0.683626 7.76896 7.76896 1.41795 0.237801 -0.8566115501 -1.129953140
91 116 1.01345 1.30974 0.649399 7.81369 7.81369 1.24255 0.244040 -0.6081406622 -1.083553599
25 117 1.01031 1.31380 0.645526 11.1061 11.1061 1.22244 0.247324 -0.5830642690 1.074418253
28 117 1.05978 1.27702 0.695998 11.0159 11.0159 1.48894 0.254642 -0.9615905715 1.136785609
29 117 1.07218 1.25622 0.711824 11.0093 11.0093 1.59191 0.296292 -1.107632909 1.143370417
31 117 1.08452 1.19757 0.741834 10.9612 10.9612 1.83243 0.426706 -1.409375058 1.171084171
32 117 1.08750 1.17035 0.755197 10.9480 10.9480 1.95477 0.498394 -1.551340737 1.189313442
34 117 1.09412 1.13368 0.778919 10.9270 10.9270 2.17472 0.632061 -1.801041333 1.218870569
35 117 1.09963 1.12707 0.789395 10.9187 10.9187 2.26209 0.689395 -1.906221813 1.217934983
37 117 1.12198 1.13473 0.813969 10.9062 10.9062 2.40429 0.618214 -2.101288092 1.168407958
38 117 1.15503 1.16229 0.841008 10.9059 10.9059 2.46680 0.559679 -2.196296927 1.123093789
40 117 1.05399 1.04999 0.771975 10.8954 10.8954 2.58543 0.441007 -2.388038933 0.9908087777
41 117 1.08378 1.07140 0.796549 10.8867 10.8867 2.65154 0.385265 -2.492319794 0.9049819760
43 117 1.09920 1.05918 0.816768 10.8792 10.8792 2.82120 0.301007 -2.728179585 0.7184572261
44 117 1.10070 1.04299 0.823736 10.8765 10.8765 2.92269 0.287044 -2.855009757 0.6252973156
46 117 1.09927 1.00311 0.835681 10.8722 10.8722 3.14641 0.345175 -3.115099318 0.4427345538
47 117 1.09007 0.974236 0.835569 10.8706 10.8706 3.26841 0.412521 -3.249320480 0.3526476433
49 117 1.08670 0.926980 0.847484 10.8682 10.8682 3.53864 0.597082 -3.533419968 0.1920057413
50 117 1.08245 0.901166 0.851278 10.8675 10.8675 3.68058 0.706360 -3.678191249 0.1324366922
53 117 1.07127 0.840836 0.858773 10.8691 10.8691 4.04087 1.05825 -4.040335156 0.06526894308
55 117 1.06820 0.823860 0.861344 10.8791 10.8791 4.16354 1.27793 -4.163179536 0.05461165191
56 117 1.06742 0.819359 0.862129 10.8968 10.8968 4.19932 1.38133 -4.199114366 0.04140162898
58 117 1.06667 0.815020 0.862901 11.7987 11.7987 4.23461 1.57372 -4.234599481 0.008673768763
59 117 1.06667 0.815020 0.862901 11.7987 11.7987 4.23461 1.57372 -4.234599481 -0.008673768763
61 117 1.06742 0.819359 0.862129 10.8968 10.8968 4.19932 1.38133 -4.199114366 -0.04140162898
62 117 1.06820 0.823860 0.861344 10.8791 10.8791 4.16354 1.27793 -4.163179536 -0.05461165191
64 117 1.07127 0.840836 0.858773 10.8691 10.8691 4.04087 1.05825 -4.040335156 -0.06526894308
67 117 1.08245 0.901166 0.851278 10.8675 10.8675 3.68058 0.706360 -3.678191249 -0.1324366922
68 117 1.08670 0.926980 0.847484 10.8682 10.8682 3.53864 0.597082 -3.533419968 -0.1920057413
70 117 1.09007 0.974236 0.835569 10.8706 10.8706 3.26841 0.412521 -3.249320480 -0.3526476433
71 117 1.09927 1.00311 0.835681 10.8722 10.8722 3.14641 0.345175 -3.115099318 -0.4427345538
73 117 1.10070 1.04299 0.823736 10.8765 10.8765 2.92269 0.287044 -2.855009757 -0.6252973156
74 117 1.09920 1.05918 0.816768 10.8792 10.8792 2.82120 0.301007 -2.728179585 -0.7184572261
76 117 1.08378 1.07140 0.796549 10.8867 10.8867 2.65154 0.385265 -2.492319794 -0.9049819760
77 117 1.05399 1.04999 0.771975 10.8954 10.8954 2.58543 0.441007 -2.388038933 -0.9908087777
79 117 1.15503 1.16229 0.841008 10.9059 10.9059 2.46680 0.559679 -2.196296927 -1.123093789
80 117 1.12198 1.13473 0.813969 10.9062 10.9062 2.40429 0.618214 -2.101288092 -1.168407958
82 117 1.09963 1.12707 0.789395 10.9187 10.9187 2.26209 0.689395 -1.906221813 -1.217934983
83 117 1.09412 1.13368 0.778919 10.9270 10.9270 2.17472 0.632061 -1.801041333 -1.218870569
85 117 1.08750 1.17035 0.755197 10.9480 10.9480 1.95477 0.498394 -1.551340737 -1.189313442
86 117 1.08452 1.19757 0.741834 10.9612 10.9612 1.83243 0.426706 -1.409375058 -1.171084171
88 117 1.07218 1.25622 0.711824 11.0093 11.0093 1.59191 0.296292 -1.107632909 -1.143370417
89 117 1.05978 1.27702 0.695998 11.0159 11.0159 1.48894 0.254642 -0.9615905715 -1.136785609
92 117 1.01031 1.31380 0.645526 11.1061 11.1061 1.22244 0.247324 -0.5830642690 -1.074418253
25 118 1.00751 1.31872 0.641739 7.89277 7.89277 1.20205 0.250962 -0.5582756396 1.064535039
27 118 1.03998 1.29283 0.676032 7.84452 7.84452 1.37736 0.233694 -0.7962894214 1.123851164
29 118 1.06954 1.26215 0.707958 7.81344 7.81344 1.56524 0.284033 -1.070839357 1.141605911
31 118 1.08354 1.20532 0.738120 7.78650 7.78650 1.79986 0.407978 -1.370744061 1.166424271
33 118 1.08932 1.15361 0.764071 7.76850 7.76850 2.03953 0.549005 -1.647560009 1.202163723
35 118 1.09770 1.12819 0.786290 7.75525 7.75525 2.23778 0.672974 -1.876024776 1.219909670
37 118 1.11676 1.13142 0.809116 7.74578 7.74578 2.38372 0.636107 -2.071218237 1.179894014
39 118 1.28102 1.28502 0.934683 7.78204 7.78204 2.50666 0.519750 -2.259588791 1.085160574
41 118 1.07715 1.06809 0.790625 7.73230 7.73230 2.62735 0.404064 -2.454997037 0.9358987336
43 118 1.09797 1.06390 0.813915 7.72634 7.72634 2.78664 0.311937 -2.683051233 0.7527053244
45 118 1.10064 1.03134 0.827595 7.72255 7.72255 2.98938 0.292514 -2.934822497 0.5684743780
47 118 1.10159 0.992927 0.841590 7.71986 7.71986 3.21878 0.383235 -3.195275571 0.3882729432
49 118 1.08844 0.937872 0.845795 7.71797 7.71797 3.48021 0.554505 -3.473143767 0.2215590676
51 118 1.07966 0.886874 0.852892 7.71711 7.71711 3.75982 0.771679 -3.758287690 0.1070220335
53 118 1.07242 0.847114 0.857943 7.71781 7.71781 3.99956 1.00615 -3.998993928 0.06698692373
55 118 1.06869 0.826611 0.860880 7.72267 7.72267 4.14223 1.22842 -4.141808353 0.05909253055
57 118 1.06712 0.817664 0.862428 7.75333 7.75333 4.21301 1.43311 -4.212874743 0.03346520823
61 118 1.06712 0.817664 0.862428 7.75333 7.75333 4.21301 1.43311 -4.212874743 -0.03346520823
63 118 1.06869 0.826611 0.860880 7.72267 7.72267 4.14223 1.22842 -4.141808353 -0.05909253055
65 118 1.07242 0.847114 0.857943 7.71781 7.71781 3.99956 1.00615 -3.998993928 -0.06698692373
67 118 1.07966 0.886874 0.852892 7.71711 7.71711 3.75982 0.771679 -3.758287690 -0.1070220335
69 118 1.08844 0.937872 0.845795 7.71797 7.71797 3.48021 0.554505 -3.473143767 -0.2215590676
71 118 1.10159 0.992927 0.841590 7.71986 7.71986 3.21878 0.383235 -3.195275571 -0.3882729432
73 118 1.10064 1.03134 0.827595 7.72255 7.72255 2.98938 0.292514 -2.934822497 -0.5684743780
75 118 1.09797 1.06390 0.813915 7.72634 7.72634 2.78664 0.311937 -2.683051233 -0.7527053244
77 118 1.07715 1.06809 0.790625 7.73230 7.73230 2.62735 0.404064 -2.454997037 -0.9358987336
79 118 1.28102 1.28502 0.934683 7.78204 7.78204 2.50666 0.519750 -2.259588791 -1.085160574
81 118 1.11676 1.13142 0.809116 7.74578 7.74578 2.38372 0.636107 -2.071218237 -1.179894014
83 118 1.09770 1.12819 0.786290 7.75525 7.75525 2.23778 0.672974 -1.876024776 -1.219909670
85 118 1.08932 1.15361 0.764071 7.76850 7.76850 2.03953 0.549005 -1.647560009 -1.202163723
87 118 1.08354 1.20532 0.738120 7.78650 7.78650 1.79986 0.407978 -1.370744061 -1.166424271
89 118 1.06954 1.26215 0.707958 7.81344 7.81344 1.56524 0.284033 -1.070839357 -1.141605911
91 118 1.03998 1.29283 0.676032 7.84452 7.84452 1.37736 0.233694 -0.7962894214 -1.123851164
93 118 1.00751 1.31872 0.641739 7.89277 7.89277 1.20205 0.250962 -0.5582756396 -1.064535039
24 119 1.03140 1.41290 0.643138 11.2723 11.2723 1.07798 0.281518 -0.4132781855 0.9956043928
25 119 1.00513 1.32462 0.638110 11.2182 11.2182 1.18143 0.254996 -0.5336767499 1.054018227
26 119 1.01901 1.30476 0.655600 11.1794 11.1794 1.27377 0.239528 -0.6486273749 1.096242474
27 119 1.03600 1.29496 0.672278 11.1473 11.1473 1.35800 0.233183 -0.7676695201 1.120188297
29 119 1.06667 1.26746 0.704142 11.0995 11.0995 1.53993 0.273235 -1.035196804 1.140059427
30 119 1.07662 1.24275 0.719560 11.0928 11.0928 1.64845 0.324519 -1.182986907 1.148004003
31 119 1.08246 1.21310 0.734389 11.0624 11.0624 1.76784 0.389760 -1.332291537 1.162003893
32 119 1.08601 1.18450 0.748165 11.0480 11.0480 1.88942 0.459870 -1.476042010 1.179485123
33 119 1.08864 1.15967 0.760767 11.0359 11.0359 2.00768 0.529897 -1.611550987 1.197348105
36 119 1.10261 1.12650 0.793582 11.0087 11.0087 2.29274 0.706400 -1.945592753 1.212975192
37 119 1.11254 1.12919 0.804940 11.0022 11.0022 2.36298 0.653422 -2.041499449 1.189924702
38 119 1.12984 1.14051 0.820828 10.9978 10.9978 2.42738 0.597288 -2.135754343 1.153569227
39 119 1.18733 1.19285 0.865473 11.0063 11.0063 2.48745 0.539166 -2.228856965 1.104352264
40 119 0.949363 0.949306 0.693997 11.0464 11.0464 2.54523 0.480483 -2.322307084 1.041661487
41 119 1.06762 1.06139 0.782718 10.9841 10.9841 2.60491 0.423182 -2.419467112 0.9652418911
43 119 1.09627 1.06771 0.810877 10.9741 10.9741 2.75412 0.325055 -2.639450968 0.7864253616
44 119 1.09983 1.05537 0.818691 10.9711 10.9711 2.84676 0.294932 -2.760849866 0.6940488456
45 119 1.10075 1.03851 0.825289 10.9685 10.9685 2.94866 0.287824 -2.886370797 0.6028429606
46 119 1.10013 1.01916 0.831167 10.9662 10.9662 3.05716 0.309118 -3.013803792 0.5130262914
47 119 1.09921 0.998824 0.837071 10.9643 10.9643 3.17135 0.357554 -3.142921319 0.4236700415
48 119 1.09193 0.971781 0.838364 10.9628 10.9628 3.29302 0.427780 -3.275872872 0.3355867692
50 119 1.08601 0.922789 0.848107 10.9605 10.9605 3.56127 0.613931 -3.556640834 0.1813421845
52 119 1.07735 0.873980 0.854557 10.9598 10.9598 3.83470 0.837358 -3.833669533 0.08848830597
53 119 1.07375 0.854344 0.857012 10.9603 10.9603 3.95356 0.954161 -3.952929871 0.07039065414
54 119 1.07106 0.839677 0.858931 10.9618 10.9618 4.04867 1.06886 -4.048139481 0.06503531810
55 119 1.06927 0.829886 0.860354 10.9651 10.9651 4.11763 1.17883 -4.117154084 0.06208169882
57 119 1.06739 0.819205 0.862156 10.9908 10.9908 4.20056 1.38559 -4.200353752 0.04077713055
58 119 1.06691 0.816395 0.862654 11.0590 11.0590 4.22335 1.48272 -4.223265031 0.02522599928
59 119 1.06667 0.815014 0.862902 11.9325 11.9325 4.23466 1.57447 -4.234648440 0.008528499071
60 119 1.06667 0.815014 0.862902 11.9325 11.9325 4.23466 1.57447 -4.234648440 -0.008528499071
61 119 1.06691 0.816395 0.862654 11.0590 11.0590 4.22335 1.48272 -4.223265031 -0.02522599928
62 119 1.06739 0.819205 0.862156 10.9908 10.9908 4.20056 1.38559 -4.200353752 -0.04077713055
64 119 1.06927 0.829886 0.860354 10.9651 10.9651 4.11763 1.17883 -4.117154084 -0.06208169882
65 119 1.07106 0.839677 0.858931 10.9618 10.9618 4.04867 1.06886 -4.048139481 -0.06503531810
66 119 1.07375 0.854344 0.857012 10.9603 10.9603 3.95356 0.954161 -3.952929871 -0.07039065414
67 119 1.07735 0.873980 0.854557 10.9598 10.9598 3.83470 0.837358 -3.833669533 -0.08848830597
69 119 1.08601 0.922789 0.848107 10.9605 10.9605 3.56127 0.613931 -3.556640834 -0.1813421845
71 119 1.09193 0.971781 0.838364 10.9628 10.9628 3.29302 0.427780 -3.275872872 -0.3355867692
72 119 1.09921 0.998824 0.837071 10.9643 10.9643 3.17135 0.357554 -3.142921319 -0.4236700415
73 119 1.10013 1.01916 0.831167 10.9662 10.9662 3.05716 0.309118 -3.013803792 -0.5130262914
74 119 1.10075 1.03851 0.825289 10.9685 10.9685 2.94866 0.287824 -2.886370797 -0.6028429606
75 119 1.09983 1.05537 0.818691 10.9711 10.9711 2.84676 0.294932 -2.760849866 -0.6940488456
76 119 1.09627 1.06771 0.810877 10.9741 10.9741 2.75412 0.325055 -2.639450968 -0.7864253616
78 119 1.06762 1.06139 0.782718 10.9841 10.9841 2.60491 0.423182 -2.419467112 -0.9652418911
79 119 0.949363 0.949306 0.693997 11.0464 11.0464 2.54523 0.480483 -2.322307084 -1.041661487
80 119 1.18733 1.19285 0.865473 11.0063 11.0063 2.48745 0.539166 -2.228856965 -1.104352264
81 119 1.12984 1.14051 0.820828 10.9978 10.9978 2.42738 0.597288 -2.135754343 -1.153569227
82 119 1.11254 1.12919 0.804940 11.0022 11.0022 2.36298 0.653422 -2.041499449 -1.189924702
83 119 1.10261 1.12650 0.793582 11.0087 11.0087 2.29274 0.706400 -1.945592753 -1.212975192
86 119 1.08864 1.15967 0.760767 11.0359 11.0359 2.00768 0.529897 -1.611550987 -1.197348105
87 119 1.08601 1.18450 0.748165 11.0480 11.0480 1.88942 0.459870 -1.476042010 -1.179485123
88 119 1.08246 1.21310 0.734389 11.0624 11.0624 1.76784 0.389760 -1.332291537 -1.162003893
89 119 1.07662 1.24275 0.719560 11.0928 11.0928 1.64845 0.324519 -1.182986907 -1.148004003
90 119 1.06667 1.26746 0.704142 11.0995 11.0995 1.53993 0.273235 -1.035196804 -1.140059427
92 119 1.03600 1.29496 0.672278 11.1473 11.1473 1.35800 0.233183 -0.7676695201 -1.120188297
93 119 1.01901 1.30476 0.655600 11.1794 11.1794 1.27377 0.239528 -0.6486273749 -1.096242474
94 119 1.00513 1.32462 0.638110 11.2182 11.2182 1.18143 0.254996 -0.5336767499 -1.054018227
95 119 1.03140 1.41290 0.643138 11.2723 11.2723 1.07798 0.281518 -0.4132781855 -0.9956043928
29 120 1.06360 1.27216 0.700376 7.88450 7.88450 1.51587 0.263879 -1.000728960 1.138588235
31 120 1.08125 1.22084 0.730647 7.85815 7.85815 1.73648 0.372145 -1.294079987 1.157885285
37 120 1.10901 1.12772 0.801204 7.81365 7.81365 2.34205 0.670147 -2.012128466 1.198538508
41 120 1.05256 1.04872 0.770865 7.80261 7.80261 2.58390 0.442455 -2.385545326 0.9928116766
43 120 1.09401 1.07050 0.807597 7.79327 7.79327 2.72368 0.339853 -2.597457649 0.8195269796
47 120 1.09943 1.00675 0.834621 7.78593 7.78593 3.12587 0.335662 -3.092038901 0.4586343153
49 120 1.09134 0.958574 0.842101 7.78375 7.78375 3.36927 0.477412 -3.357135198 0.2856528822
53 120 1.07525 0.862464 0.856004 7.78236 7.78236 3.90357 0.902598 -3.902815162 0.07630764786
59 120 1.06675 0.815518 0.862811 7.95084 7.95084 4.23052 1.53009 -4.230479745 0.01682863429
61 120 1.06675 0.815518 0.862811 7.95084 7.95084 4.23052 1.53009 -4.230479745 -0.01682863429
67 120 1.07525 0.862464 0.856004 7.78236 7.78236 3.90357 0.902598 -3.902815162 -0.07630764786
71 120 1.09134 0.958574 0.842101 7.78375 7.78375 3.36927 0.477412 -3.357135198 -0.2856528822
73 120 1.09943 1.00675 0.834621 7.78593 7.78593 3.12587 0.335662 -3.092038901 -0.4586343153
77 120 1.09401 1.07050 0.807597 7.79327 7.79327 2.72368 0.339853 -2.597457649 -0.8195269796
79 120 1.05256 1.04872 0.770865 7.80261 7.80261 2.58390 0.442455 -2.385545326 -0.9928116766
83 120 1.10901 1.12772 0.801204 7.81365 7.81365 2.34205 0.670147 -2.012128466 -1.198538508
89 120 1.08125 1.22084 0.730647 7.85815 7.85815 1.73648 0.372145 -1.294079987 -1.157885285
91 120 1.06360 1.27216 0.700376 7.88450 7.88450 1.51587 0.263879 -1.000728960 -1.138588235
25 121 1.00246 1.34060 0.631962 11.3307 11.3307 1.13978 0.264368 -0.4848689594 1.031503038
26 121 1.01233 1.31106 0.648051 11.2888 11.2888 1.23562 0.245139 -0.5994196323 1.080482348
27 121 1.02784 1.29846 0.664656 11.2543 11.2543 1.32064 0.234565 -0.7134037335 1.111368860
28 121 1.04521 1.28965 0.681038 11.2255 11.2255 1.40388 0.235906 -0.8356772578 1.128055388
29 121 1.06037 1.27633 0.696657 11.2017 11.2017 1.49293 0.255921 -0.9674195669 1.137069619
30 121 1.07226 1.25601 0.711954 11.1968 11.1968 1.59282 0.296726 -1.108878425 1.143434719
31 121 1.07988 1.22847 0.726901 11.1642 11.1642 1.70588 0.355237 -1.256186602 1.154130393
32 121 1.08431 1.19926 0.741023 11.1478 11.1478 1.82526 0.422570 -1.400912057 1.170047429
34 121 1.08969 1.15038 0.765887 11.1234 11.1234 2.05721 0.559667 -1.667505780 1.204795139
35 121 1.09353 1.13554 0.777282 11.1137 11.1137 2.15952 0.622478 -1.783481553 1.217662397
36 121 1.09836 1.12772 0.787404 11.1053 11.1053 2.24666 0.678919 -1.886946838 1.219373198
37 121 1.10598 1.12685 0.797768 11.0981 11.0981 2.32088 0.686272 -1.983090525 1.205738285
38 121 1.11763 1.13194 0.809950 11.0923 11.0923 2.38752 0.632854 -2.076730876 1.177889212
39 121 1.14083 1.14960 0.829860 11.0895 11.0895 2.44915 0.576795 -2.168922426 1.137575402
40 121 1.28597 1.28994 0.938320 11.1478 11.1478 2.50714 0.519260 -2.260364787 1.084657330
41 121 1.02415 1.02238 0.749341 11.0909 11.0909 2.56396 0.461750 -2.352986106 1.018484495
42 121 1.07620 1.06750 0.789812 11.0736 11.0736 2.62459 0.406327 -2.450676144 0.9394788784
43 121 1.09105 1.07209 0.803979 11.0686 11.0686 2.69531 0.355906 -2.557142911 0.8518896943
45 121 1.10027 1.05139 0.820472 11.0621 11.0621 2.87209 0.290607 -2.792715071 0.6705314636
46 121 1.10071 1.03404 0.826749 11.0597 11.0597 2.97415 0.290274 -2.916797236 0.5812208257
47 121 1.09988 1.01464 0.832426 11.0575 11.0575 3.08212 0.317736 -3.042416237 0.4930684486
48 121 1.09959 0.995022 0.838757 11.0558 11.0558 3.19580 0.370468 -3.169991407 0.4052778307
49 121 1.09211 0.967911 0.839838 11.0542 11.0542 3.31717 0.443140 -3.301760583 0.3192833955
50 121 1.08938 0.944058 0.844778 11.0530 11.0530 3.44717 0.531016 -3.438826262 0.2395590427
51 121 1.08534 0.918746 0.848696 11.0521 11.0521 3.58320 0.630457 -3.579087598 0.1714255408
52 121 1.08077 0.893761 0.851871 11.0516 11.0516 3.72006 0.738451 -3.718152367 0.1190442013
53 121 1.07687 0.871312 0.854894 11.0516 11.0516 3.85046 0.851815 -3.849509237 0.08528556455
54 121 1.07342 0.852522 0.857247 11.0521 11.0521 3.96503 0.966652 -3.964419206 0.06936847110
56 121 1.06917 0.829318 0.860443 11.0572 11.0572 4.12183 1.18681 -4.121365302 0.06169860243
57 121 1.06810 0.823250 0.861449 11.0648 11.0648 4.16834 1.29009 -4.167991711 0.05329728097
58 121 1.06737 0.819060 0.862181 11.0841 11.0841 4.20173 1.38969 -4.201531772 0.04016946696
59 121 1.06690 0.816343 0.862663 11.1552 11.1552 4.22376 1.48506 -4.223685745 0.02482229787
60 121 1.06667 0.815009 0.862903 12.0666 12.0666 4.23471 1.57521 -4.234694991 0.008388007052
61 121 1.06667 0.815009 0.862903 12.0666 12.0666 4.23471 1.57521 -4.234694991 -0.008388007052
62 121 1.06690 0.816343 0.862663 11.1552 11.1552 4.22376 1.48506 -4.223685745 -0.02482229787
63 121 1.06737 0.819060 0.862181 11.0841 11.0841 4.20173 1.38969 -4.201531772 -0.04016946696
64 121 1.06810 0.823250 0.861449 11.0648 11.0648 4.16834 1.29009 -4.167991711 -0.05329728097
65 121 1.06917 0.829318 0.860443 11.0572 11.0572 4.12183 1.18681 -4.121365302 -0.06169860243
67 121 1.07342 0.852522 0.857247 11.0521 11.0521 3.96503 0.966652 -3.964419206 -0.06936847110
68 121 1.07687 0.871312 0.854894 11.0516 11.0516 3.85046 0.851815 -3.849509237 -0.08528556455
69 121 1.08077 0.893761 0.851871 11.0516 11.0516 3.72006 0.738451 -3.718152367 -0.1190442013
70 121 1.08534 0.918746 0.848696 11.0521 11.0521 3.58320 0.630457 -3.579087598 -0.1714255408
71 121 1.08938 0.944058 0.844778 11.0530 11.0530 3.44717 0.531016 -3.438826262 -0.2395590427
72 121 1.09211 0.967911 0.839838 11.0542 11.0542 3.31717 0.443140 -3.301760583 -0.3192833955
73 121 1.09959 0.995022 0.838757 11.0558 11.0558 3.19580 0.370468 -3.169991407 -0.4052778307
74 121 1.09988 1.01464 0.832426 11.0575 11.0575 3.08212 0.317736 -3.042416237 -0.4930684486
75 121 1.10071 1.03404 0.826749 11.0597 11.0597 2.97415 0.290274 -2.916797236 -0.5812208257
76 121 1.10027 1.05139 0.820472 11.0621 11.0621 2.87209 0.290607 -2.792715071 -0.6705314636
78 121 1.09105 1.07209 0.803979 11.0686 11.0686 2.69531 0.355906 -2.557142911 -0.8518896943
79 121 1.07620 1.06750 0.789812 11.0736 11.0736 2.62459 0.406327 -2.450676144 -0.9394788784
80 121 1.02415 1.02238 0.749341 11.0909 11.0909 2.56396 0.461750 -2.352986106 -1.018484495
81 121 1.28597 1.28994 0.938320 11.1478 11.1478 2.50714 0.519260 -2.260364787 -1.084657330
82 121 1.14083 1.14960 0.829860 11.0895 11.0895 2.44915 0.576795 -2.168922426 -1.137575402
83 121 1.11763 1.13194 0.809950 11.0923 11.0923 2.38752 0.632854 -2.076730876 -1.177889212
84 121 1.10598 1.12685 0.797768 11.0981 11.0981 2.32088 0.686272 -1.983090525 -1.205738285
85 121 1.09836 1.12772 0.787404 11.1053 11.1053 2.24666 0.678919 -1.886946838 -1.219373198
86 121 1.09353 1.13554 0.777282 11.1137 11.1137 2.15952 0.622478 -1.783481553 -1.217662397
87 121 1.08969 1.15038 0.765887 11.1234 11.1234 2.05721 0.559667 -1.667505780 -1.204795139
89 121 1.08431 1.19926 0.741023 11.1478 11.1478 1.82526 0.422570 -1.400912057 -1.170047429
90 121 1.07988 1.22847 0.726901 11.1642 11.1642 1.70588 0.355237 -1.256186602 -1.154130393
91 121 1.07226 1.25601 0.711954 11.1968 11.1968 1.59282 0.296726 -1.108878425 -1.143434719
92 121 1.06037 1.27633 0.696657 11.2017 11.2017 1.49293 0.255921 -0.9674195669 -1.137069619
93 121 1.04521 1.28965 0.681038 11.2255 11.2255 1.40388 0.235906 -0.8356772578 -1.128055388
94 121 1.02784 1.29846 0.664656 11.2543 11.2543 1.32064 0.234565 -0.7134037335 -1.111368860
95 121 1.01233 1.31106 0.648051 11.2888 11.2888 1.23562 0.245139 -0.5994196323 -1.080482348
96 121 1.00246 1.34060 0.631962 11.3307 11.3307 1.13978 0.264368 -0.4848689594 -1.031503038
25 122 1.00344 1.35243 0.630275 8.05209 8.05209 1.11887 0.269724 -0.4606143310 1.019657559
27 122 1.02497 1.30160 0.661572 7.99582 7.99582 1.30240 0.236163 -0.6876538549 1.106055922
29 122 1.05701 1.28002 0.692981 7.95713 7.95713 1.47099 0.249297 -0.9352290722 1.135406156
31 122 1.07832 1.23589 0.723161 7.93131 7.93131 1.67618 0.339156 -1.218708424 1.150794591
33 122 1.08655 1.17949 0.750631 7.90823 7.90823 1.91209 0.473177 -1.502283612 1.182877222
35 122 1.09315 1.13990 0.774716 7.89284 7.89284 2.13165 0.605118 -1.751617313 1.214811732
37 122 1.10335 1.12651 0.794537 7.88134 7.88134 2.29939 0.701784 -1.954335841 1.211503252
39 122 1.13089 1.14134 0.821718 7.87393 7.87393 2.42992 0.594937 -2.139586665 1.151807642
41 122 0.945708 0.945689 0.691309 7.91114 7.91114 2.54476 0.480961 -2.321532324 1.042231978
43 122 1.08721 1.07228 0.799875 7.85998 7.85998 2.66899 0.372869 -2.518557662 0.8833601480
45 122 1.09960 1.05695 0.817928 7.85507 7.85507 2.83640 0.297188 -2.747673648 0.7038556460
47 122 1.10029 1.02228 0.830282 7.85163 7.85163 3.03991 0.303911 -2.993877753 0.5269634425
49 122 1.08988 0.974238 0.835365 7.84917 7.84917 3.26737 0.411888 -3.248199297 0.3533750350
51 122 1.08708 0.929348 0.847126 7.84747 7.84747 3.52589 0.587681 -3.520311812 0.1982045173
53 122 1.07857 0.880743 0.853696 7.84680 7.84680 3.79519 0.802143 -3.793927619 0.09758881619
55 122 1.07190 0.844254 0.858317 7.84775 7.84775 4.01819 1.02889 -4.017643672 0.06608724407
57 122 1.06854 0.825792 0.861017 7.85316 7.85316 4.14852 1.24232 -4.148111626 0.05798363016
59 122 1.06709 0.817480 0.862461 7.88656 7.88656 4.21451 1.43953 -4.214376764 0.03243234626
63 122 1.06709 0.817480 0.862461 7.88656 7.88656 4.21451 1.43953 -4.214376764 -0.03243234626
65 122 1.06854 0.825792 0.861017 7.85316 7.85316 4.14852 1.24232 -4.148111626 -0.05798363016
67 122 1.07190 0.844254 0.858317 7.84775 7.84775 4.01819 1.02889 -4.017643672 -0.06608724407
69 122 1.07857 0.880743 0.853696 7.84680 7.84680 3.79519 0.802143 -3.793927619 -0.09758881619
71 122 1.08708 0.929348 0.847126 7.84747 7.84747 3.52589 0.587681 -3.520311812 -0.1982045173
73 122 1.08988 0.974238 0.835365 7.84917 7.84917 3.26737 0.411888 -3.248199297 -0.3533750350
75 122 1.10029 1.02228 0.830282 7.85163 7.85163 3.03991 0.303911 -2.993877753 -0.5269634425
77 122 1.09960 1.05695 0.817928 7.85507 7.85507 2.83640 0.297188 -2.747673648 -0.7038556460
79 122 1.08721 1.07228 0.799875 7.85998 7.85998 2.66899 0.372869 -2.518557662 -0.8833601480
81 122 0.945708 0.945689 0.691309 7.91114 7.91114 2.54476 0.480961 -2.321532324 -1.042231978
83 122 1.13089 1.14134 0.821718 7.87393 7.87393 2.42992 0.594937 -2.139586665 -1.151807642
85 122 1.10335 1.12651 0.794537 7.88134 7.88134 2.29939 0.701784 -1.954335841 -1.211503252
87 122 1.09315 1.13990 0.774716 7.89284 7.89284 2.13165 0.605118 -1.751617313 -1.214811732
89 122 1.08655 1.17949 0.750631 7.90823 7.90823 1.91209 0.473177 -1.502283612 -1.182877222
91 122 1.07832 1.23589 0.723161 7.93131 7.93131 1.67618 0.339156 -1.218708424 -1.150794591
93 122 1.05701 1.28002 0.692981 7.95713 7.95713 1.47099 0.249297 -0.9352290722 -1.135406156
95 122 1.02497 1.30160 0.661572 7.99582 7.99582 1.30240 0.236163 -0.6876538549 -1.106055922
97 122 1.00344 1.35243 0.630275 8.05209 8.05209 1.11887 0.269724 -0.4606143310 -1.019657559
25 123 1.00904 1.37110 0.631448 11.4450 11.4450 1.09797 0.275530 -0.4364259417 1.007498666
26 123 1.00683 1.32020 0.640743 11.3985 11.3985 1.19652 0.252007 -0.5516370756 1.061761012
28 123 1.03757 1.29415 0.673750 11.3305 11.3305 1.36554 0.233275 -0.7787922085 1.121680083
29 123 1.05354 1.28330 0.689345 11.3046 11.3046 1.44993 0.243934 -0.9041066435 1.133524297
31 123 1.07656 1.24298 0.719436 11.2789 11.2789 1.64751 0.324031 -1.181765540 1.147915556
32 123 1.08228 1.21431 0.733805 11.2475 11.2475 1.76290 0.386966 -1.326303335 1.161338869
34 123 1.08838 1.16208 0.759490 11.2211 11.2211 1.99546 0.522598 -1.597699309 1.195491180
35 123 1.09014 1.14195 0.770171 11.2106 11.2106 2.10303 0.587506 -1.719172598 1.211257846
37 123 1.10104 1.12666 0.791451 11.1937 11.1937 2.27746 0.700001 -1.925769292 1.215814939
38 123 1.10980 1.12801 0.802058 11.1870 11.1870 2.34702 0.666239 -2.019053675 1.196625751
40 123 1.15821 1.16522 0.843462 11.1825 11.1825 2.46974 0.556782 -2.200908507 1.120539549
43 123 1.08214 1.07074 0.795035 11.1629 11.1629 2.64460 0.390468 -2.481716377 0.9137549024
44 123 1.09346 1.07093 0.806888 11.1586 11.1586 2.71771 0.343047 -2.589072834 0.8262112668
46 123 1.10055 1.04730 0.822131 11.1525 11.1525 2.89714 0.287998 -2.823761629 0.6478729864
47 123 1.10059 1.02960 0.828127 11.1502 11.1502 2.99913 0.294247 -2.946309073 0.5603726169
49 123 1.10179 0.992937 0.841796 11.1465 11.1465 3.21977 0.383797 -3.196360910 0.3875472800
50 123 1.09186 0.963752 0.840952 11.1450 11.1450 3.34085 0.458538 -3.327005985 0.3037303086
52 123 1.08468 0.914850 0.849257 11.1430 11.1430 3.60444 0.646654 -3.600779260 0.1622146633
53 123 1.08029 0.890557 0.852383 11.1425 11.1425 3.73867 0.753880 -3.736949054 0.1132322671
55 123 1.07310 0.850813 0.857466 11.1432 11.1432 3.97585 0.978707 -3.975257674 0.06851299362
56 123 1.07067 0.837594 0.859218 11.1449 11.1449 4.06285 1.08891 -4.062330479 0.06463606365
58 123 1.06805 0.822969 0.861498 11.1565 11.1565 4.17055 1.29586 -4.170216983 0.05264753867
59 123 1.06734 0.818921 0.862206 11.1766 11.1766 4.20284 1.39366 -4.202652407 0.03957810348
61 123 1.06667 0.815003 0.862904 12.2011 12.2011 4.23475 1.57592 -4.234739289 0.008252061219
62 123 1.06667 0.815003 0.862904 12.2011 12.2011 4.23475 1.57592 -4.234739289 -0.008252061219
64 123 1.06734 0.818921 0.862206 11.1766 11.1766 4.20284 1.39366 -4.202652407 -0.03957810348
65 123 1.06805 0.822969 0.861498 11.1565 11.1565 4.17055 1.29586 -4.170216983 -0.05264753867
67 123 1.07067 0.837594 0.859218 11.1449 11.1449 4.06285 1.08891 -4.062330479 -0.06463606365
68 123 1.07310 0.850813 0.857466 11.1432 11.1432 3.97585 0.978707 -3.975257674 -0.06851299362
70 123 1.08029 0.890557 0.852383 11.1425 11.1425 3.73867 0.753880 -3.736949054 -0.1132322671
71 123 1.08468 0.914850 0.849257 11.1430 11.1430 3.60444 0.646654 -3.600779260 -0.1622146633
73 123 1.09186 0.963752 0.840952 11.1450 11.1450 3.34085 0.458538 -3.327005985 -0.3037303086
74 123 1.10179 0.992937 0.841796 11.1465 11.1465 3.21977 0.383797 -3.196360910 -0.3875472800
76 123 1.10059 1.02960 0.828127 11.1502 11.1502 2.99913 0.294247 -2.946309073 -0.5603726169
77 123 1.10055 1.04730 0.822131 11.1525 11.1525 2.89714 0.287998 -2.823761629 -0.6478729864
79 123 1.09346 1.07093 0.806888 11.1586 11.1586 2.71771 0.343047 -2.589072834 -0.8262112668
80 123 1.08214 1.07074 0.795035 11.1629 11.1629 2.64460 0.390468 -2.481716377 -0.9137549024
83 123 1.15821 1.16522 0.843462 11.1825 11.1825 2.46974 0.556782 -2.200908507 -1.120539549
85 123 1.10980 1.12801 0.802058 11.1870 11.1870 2.34702 0.666239 -2.019053675 -1.196625751
86 123 1.10104 1.12666 0.791451 11.1937 11.1937 2.27746 0.700001 -1.925769292 -1.215814939
88 123 1.09014 1.14195 0.770171 11.2106 11.2106 2.10303 0.587506 -1.719172598 -1.211257846
89 123 1.08838 1.16208 0.759490 11.2211 11.2211 1.99546 0.522598 -1.597699309 -1.195491180
91 123 1.08228 1.21431 0.733805 11.2475 11.2475 1.76290 0.386966 -1.326303335 -1.161338869
92 123 1.07656 1.24298 0.719436 11.2789 11.2789 1.64751 0.324031 -1.181765540 -1.147915556
94 123 1.05354 1.28330 0.689345 11.3046 11.3046 1.44993 0.243934 -0.9041066435 -1.133524297
95 123 1.03757 1.29415 0.673750 11.3305 11.3305 1.36554 0.233275 -0.7787922085 -1.121680083
97 123 1.00683 1.32020 0.640743 11.3985 11.3985 1.19652 0.252007 -0.5516370756 -1.061761012
98 123 1.00904 1.37110 0.631448 11.4450 11.4450 1.09797 0.275530 -0.4364259417 -1.007498666
25 124 1.03352 1.41632 0.644363 8.13721 8.13721 1.07711 0.281788 -0.4122719980 0.9950827081
27 124 1.01756 1.30586 0.654051 8.07163 8.07163 1.26606 0.240572 -0.6384332250 1.093293954
29 124 1.04999 1.28623 0.685744 8.02996 8.02996 1.42965 0.239754 -0.8739975198 1.131371345
33 124 1.08498 1.19361 0.743738 7.97777 7.97777 1.84939 0.436527 -1.429328137 1.173558601
35 124 1.09002 1.14742 0.767563 7.96120 7.96120 2.07377 0.569689 -1.686169489 1.207205966
37 124 1.09902 1.12734 0.788465 7.94878 7.94878 2.25495 0.684526 -1.897258084 1.218683213
39 124 1.11849 1.13246 0.810764 7.93986 7.93986 2.39112 0.629750 -2.081971829 1.175941308
41 124 1.29094 1.29488 0.941969 7.98215 7.98215 2.50760 0.518794 -2.261103301 1.084177550
43 124 1.07526 1.06689 0.789009 7.92684 7.92684 2.62198 0.408488 -2.446579749 0.9428713495
45 124 1.09720 1.06588 0.812455 7.92075 7.92075 2.77048 0.318110 -2.661539714 0.7692616260
47 124 1.10074 1.03657 0.825933 7.91692 7.91692 2.95976 0.288689 -2.899669408 0.5933746089
49 124 1.09923 0.998353 0.837244 7.91410 7.91410 3.17420 0.359019 -3.146082124 0.4215137948
51 124 1.09022 0.949877 0.843765 7.91212 7.91212 3.41607 0.509308 -3.406356639 0.2573466383
53 124 1.08242 0.900972 0.851315 7.91100 7.91100 3.68172 0.707274 -3.679345180 0.1320305693
55 124 1.07448 0.858239 0.856539 7.91110 7.91110 3.92947 0.928773 -3.928783560 0.07294039622
57 124 1.06972 0.832364 0.859974 7.91376 7.91376 4.09957 1.14656 -4.099077325 0.06330391298
59 124 1.06764 0.820662 0.861900 7.92648 7.92648 4.18887 1.34758 -4.188611172 0.04615975337
61 124 1.06675 0.815475 0.862819 8.09434 8.09434 4.23087 1.53303 -4.230834807 0.01629291653
63 124 1.06675 0.815475 0.862819 8.09434 8.09434 4.23087 1.53303 -4.230834807 -0.01629291653
65 124 1.06764 0.820662 0.861900 7.92648 7.92648 4.18887 1.34758 -4.188611172 -0.04615975337
67 124 1.06972 0.832364 0.859974 7.91376 7.91376 4.09957 1.14656 -4.099077325 -0.06330391298
69 124 1.07448 0.858239 0.856539 7.91110 7.91110 3.92947 0.928773 -3.928783560 -0.07294039622
71 124 1.08242 0.900972 0.851315 7.91100 7.91100 3.68172 0.707274 -3.679345180 -0.1320305693
73 124 1.09022 0.949877 0.843765 7.91212 7.91212 3.41607 0.509308 -3.406356639 -0.2573466383
75 124 1.09923 0.998353 0.837244 7.91410 7.91410 3.17420 0.359019 -3.146082124 -0.4215137948
77 124 1.10074 1.03657 0.825933 7.91692 7.91692 2.95976 0.288689 -2.899669408 -0.5933746089
79 124 1.09720 1.06588 0.812455 7.92075 7.92075 2.77048 0.318110 -2.661539714 -0.7692616260
81 124 1.07526 1.06689 0.789009 7.92684 7.92684 2.62198 0.408488 -2.446579749 -0.9428713495
83 124 1.29094 1.29488 0.941969 7.98215 7.98215 2.50760 0.518794 -2.261103301 -1.084177550
85 124 1.11849 1.13246 0.810764 7.93986 7.93986 2.39112 0.629750 -2.081971829 -1.175941308
87 124 1.09902 1.12734 0.788465 7.94878 7.94878 2.25495 0.684526 -1.897258084 -1.218683213
89 124 1.09002 1.14742 0.767563 7.96120 7.96120 2.07377 0.569689 -1.686169489 -1.207205966
91 124 1.08498 1.19361 0.743738 7.97777 7.97777 1.84939 0.436527 -1.429328137 -1.173558601
95 124 1.04999 1.28623 0.685744 8.02996 8.02996 1.42965 0.239754 -0.8739975198 -1.131371345
97 124 1.01756 1.30586 0.654051 8.07163 8.07163 1.26606 0.240572 -0.6384332250 -1.093293954
99 124 1.03352 1.41632 0.644363 8.13721 8.13721 1.07711 0.281788 -0.4122719980 -0.9950827081
26 125 1.00306 1.33329 0.634175 11.5087 11.5087 1.15665 0.260369 -0.5045257551 1.040803257
27 125 1.01431 1.30881 0.650412 11.4687 11.4687 1.24772 0.243243 -0.6147058076 1.085788129
28 125 1.02984 1.29783 0.666503 11.4355 11.4355 1.32919 0.234004 -0.7256598455 1.113616907
29 125 1.04638 1.28886 0.682177 11.4077 11.4077 1.41005 0.236675 -0.8448494146 1.128913554
31 125 1.07234 1.25581 0.712075 11.3813 11.3813 1.59367 0.297133 -1.110044663 1.143495245
32 125 1.07974 1.22918 0.726550 11.3477 11.3477 1.70306 0.353693 -1.252653698 1.153799101
33 125 1.08411 1.20085 0.740260 11.3314 11.3314 1.81855 0.418703 -1.392967899 1.169081894
34 125 1.08705 1.17486 0.752945 11.3183 11.3183 1.93353 0.485822 -1.526986982 1.186103733
36 125 1.09314 1.13758 0.775804 11.2973 11.2973 2.14492 0.613349 -1.766736355 1.216258409
37 125 1.09727 1.12856 0.785544 11.2888 11.2888 2.23174 0.668957 -1.868651127 1.220162101
38 125 1.10407 1.12656 0.795455 11.2815 11.2815 2.30565 0.697358 -1.962635171 1.209983422
39 125 1.11418 1.13000 0.806590 11.2755 11.2755 2.37151 0.646389 -2.053649534 1.185982332
41 125 1.19203 1.19740 0.868988 11.2819 11.2819 2.48932 0.537288 -2.231830173 1.102558937
42 125 0.942068 0.942086 0.688633 11.3282 11.3282 2.54431 0.481417 -2.320794969 1.042774210
43 125 1.06536 1.05961 0.780903 11.2583 11.2583 2.60090 0.426760 -2.413041082 0.9705103773
44 125 1.08649 1.07216 0.799163 11.2518 11.2518 2.66498 0.375633 -2.512580182 0.8882727248
46 125 1.09936 1.05839 0.817189 11.2448 11.2448 2.82664 0.299572 -2.735175985 0.7132038114
47 125 1.10070 1.04314 0.823684 11.2422 11.2422 2.92184 0.287048 -2.853982416 0.6260361535
48 125 1.10043 1.02522 0.829432 11.2399 11.2399 3.02360 0.299589 -2.974936436 0.5402417511
49 125 1.09939 1.00594 0.834852 11.2380 11.2380 3.13043 0.337717 -3.097169902 0.4550899569
51 125 1.09145 0.959532 0.841900 11.2350 11.2350 3.36406 0.473923 -3.351625709 0.2889174962
52 125 1.08808 0.935589 0.846159 11.2339 11.2339 3.49242 0.563295 -3.485783725 0.2151413581
53 125 1.08405 0.911101 0.849791 11.2331 11.2331 3.62500 0.662517 -3.621734995 0.1536702261
54 125 1.07976 0.887444 0.852815 11.2327 11.2327 3.75654 0.768906 -3.754987891 0.1079551435
56 125 1.07281 0.849212 0.857671 11.2336 11.2336 3.98607 0.990346 -3.985483798 0.06779904020
57 125 1.07050 0.836658 0.859350 11.2354 11.2354 4.06930 1.09839 -4.068787450 0.06445216765
58 125 1.06899 0.828287 0.860607 11.2392 11.2392 4.12954 1.20193 -4.129081437 0.06087282998
59 125 1.06800 0.822702 0.861544 11.2475 11.2475 4.17266 1.30143 -4.172332934 0.05200434696
61 125 1.06688 0.816248 0.862680 11.3457 11.3457 4.22454 1.48951 -4.224467222 0.02405178278
62 125 1.06667 0.814998 0.862905 12.3360 12.3360 4.23479 1.57660 -4.234781477 0.008120444773
63 125 1.06667 0.814998 0.862905 12.3360 12.3360 4.23479 1.57660 -4.234781477 -0.008120444773
64 125 1.06688 0.816248 0.862680 11.3457 11.3457 4.22454 1.48951 -4.224467222 -0.02405178278
66 125 1.06800 0.822702 0.861544 11.2475 11.2475 4.17266 1.30143 -4.172332934 -0.05200434696
67 125 1.06899 0.828287 0.860607 11.2392 11.2392 4.12954 1.20193 -4.129081437 -0.06087282998
68 125 1.07050 0.836658 0.859350 11.2354 11.2354 4.06930 1.09839 -4.068787450 -0.06445216765
69 125 1.07281 0.849212 0.857671 11.2336 11.2336 3.98607 0.990346 -3.985483798 -0.06779904020
71 125 1.07976 0.887444 0.852815 11.2327 11.2327 3.75654 0.768906 -3.754987891 -0.1079551435
72 125 1.08405 0.911101 0.849791 11.2331 11.2331 3.62500 0.662517 -3.621734995 -0.1536702261
73 125 1.08808 0.935589 0.846159 11.2339 11.2339 3.49242 0.563295 -3.485783725 -0.2151413581
74 125 1.09145 0.959532 0.841900 11.2350 11.2350 3.36406 0.473923 -3.351625709 -0.2889174962
76 125 1.09939 1.00594 0.834852 11.2380 11.2380 3.13043 0.337717 -3.097169902 -0.4550899569
77 125 1.10043 1.02522 0.829432 11.2399 11.2399 3.02360 0.299589 -2.974936436 -0.5402417511
78 125 1.10070 1.04314 0.823684 11.2422 11.2422 2.92184 0.287048 -2.853982416 -0.6260361535
79 125 1.09936 1.05839 0.817189 11.2448 11.2448 2.82664 0.299572 -2.735175985 -0.7132038114
81 125 1.08649 1.07216 0.799163 11.2518 11.2518 2.66498 0.375633 -2.512580182 -0.8882727248
82 125 1.06536 1.05961 0.780903 11.2583 11.2583 2.60090 0.426760 -2.413041082 -0.9705103773
83 125 0.942068 0.942086 0.688633 11.3282 11.3282 2.54431 0.481417 -2.320794969 -1.042774210
84 125 1.19203 1.19740 0.868988 11.2819 11.2819 2.48932 0.537288 -2.231830173 -1.102558937
86 125 1.11418 1.13000 0.806590 11.2755 11.2755 2.37151 0.646389 -2.053649534 -1.185982332
87 125 1.10407 1.12656 0.795455 11.2815 11.2815 2.30565 0.697358 -1.962635171 -1.209983422
88 125 1.09727 1.12856 0.785544 11.2888 11.2888 2.23174 0.668957 -1.868651127 -1.220162101
89 125 1.09314 1.13758 0.775804 11.2973 11.2973 2.14492 0.613349 -1.766736355 -1.216258409
91 125 1.08705 1.17486 0.752945 11.3183 11.3183 1.93353 0.485822 -1.526986982 -1.186103733
92 125 1.08411 1.20085 0.740260 11.3314 11.3314 1.81855 0.418703 -1.392967899 -1.169081894
93 125 1.07974 1.22918 0.726550 11.3477 11.3477 1.70306 0.353693 -1.252653698 -1.153799101
94 125 1.07234 1.25581 0.712075 11.3813 11.3813 1.59367 0.297133 -1.110044663 -1.143495245
96 125 1.04638 1.28886 0.682177 11.4077 11.4077 1.41005 0.236675 -0.8448494146 -1.128913554
97 125 1.02984 1.29783 0.666503 11.4355 11.4355 1.32919 0.234004 -0.7256598455 -1.113616907
98 125 1.01431 1.30881 0.650412 11.4687 11.4687 1.24772 0.243243 -0.6147058076 -1.085788129
99 125 1.00306 1.33329 0.634175 11.5087 11.5087 1.15665 0.260369 -0.5045257551 -1.040803257
29 126 1.04271 1.29122 0.678633 8.10285 8.10285 1.39106 0.234615 -0.8166212018 1.126131307
31 126 1.06989 1.26142 0.708454 8.07389 8.07389 1.56860 0.285533 -1.075523318 1.141818188
37 126 1.09576 1.13036 0.782668 8.01594 8.01594 2.20775 0.653223 -1.839801654 1.220353200
41 126 1.15980 1.16669 0.844680 8.00326 8.00326 2.47111 0.555436 -2.203049276 1.119342585
43 126 1.04970 1.04617 0.768668 7.99595 7.99595 2.58106 0.445148 -2.380926380 0.9965094579
47 126 1.10043 1.04923 0.821368 7.98181 7.98181 2.88543 0.289010 -2.809311084 0.6583894485
53 126 1.08577 0.921357 0.848317 7.97490 7.97490 3.56902 0.619753 -3.564584291 0.1777885415
55 126 1.07758 0.875195 0.854404 7.97440 7.97440 3.82755 0.830889 -3.826490645 0.09001994636
59 126 1.06842 0.825063 0.861139 7.98158 7.98158 4.15416 1.25527 -4.153767695 0.05684320642
61 126 1.06706 0.817313 0.862491 8.01785 8.01785 4.21586 1.44553 -4.215737296 0.03145895909
65 126 1.06706 0.817313 0.862491 8.01785 8.01785 4.21586 1.44553 -4.215737296 -0.03145895909
67 126 1.06842 0.825063 0.861139 7.98158 7.98158 4.15416 1.25527 -4.153767695 -0.05684320642
71 126 1.07758 0.875195 0.854404 7.97440 7.97440 3.82755 0.830889 -3.826490645 -0.09001994636
73 126 1.08577 0.921357 0.848317 7.97490 7.97490 3.56902 0.619753 -3.564584291 -0.1777885415
79 126 1.10043 1.04923 0.821368 7.98181 7.98181 2.88543 0.289010 -2.809311084 -0.6583894485
83 126 1.04970 1.04617 0.768668 7.99595 7.99595 2.58106 0.445148 -2.380926380 -0.9965094579
85 126 1.15980 1.16669 0.844680 8.00326 8.00326 2.47111 0.555436 -2.203049276 -1.119342585
89 126 1.09576 1.13036 0.782668 8.01594 8.01594 2.20775 0.653223 -1.839801654 -1.220353200
95 126 1.06989 1.26142 0.708454 8.07389 8.07389 1.56860 0.285533 -1.075523318 -1.141818188
97 126 1.04271 1.29122 0.678633 8.10285 8.10285 1.39106 0.234615 -0.8166212018 -1.126131307
26 127 1.00376 1.35411 0.630207 11.6196 11.6196 1.11646 0.270371 -0.4578205398 1.018269557
27 127 1.00861 1.31661 0.643268 11.5763 11.5763 1.21039 0.249434 -0.5683474094 1.068644733
28 127 1.02306 1.30231 0.659736 11.5407 11.5407 1.29397 0.237058 -0.6759775538 1.103355443
29 127 1.03902 1.29337 0.675124 11.5108 11.5108 1.37264 0.233485 -0.7892882312 1.123006960
30 127 1.05436 1.28257 0.690190 11.4856 11.4856 1.45477 0.245076 -0.9112758813 1.133986027
31 127 1.06724 1.26648 0.704877 11.4658 11.4658 1.54473 0.275211 -1.042003745 1.140348652
32 127 1.07650 1.24320 0.719320 11.4620 11.4620 1.64663 0.323575 -1.180621188 1.147833106
33 127 1.08211 1.21545 0.733256 11.4296 11.4296 1.75827 0.384354 -1.320683625 1.160721076
34 127 1.08558 1.18836 0.746283 11.4153 11.4153 1.87230 0.449860 -1.456123375 1.176938282
35 127 1.08814 1.16438 0.758282 11.4032 11.4032 1.98394 0.515728 -1.584607555 1.193739254
36 127 1.09025 1.14466 0.769068 11.3928 11.3928 2.08928 0.579115 -1.703654378 1.209394507
37 127 1.09448 1.13277 0.779828 11.3836 11.3836 2.18293 0.637273 -1.810586929 1.219397911
38 127 1.09968 1.12705 0.789477 11.3757 11.3757 2.26272 0.689826 -1.907014957 1.217862046
39 127 1.10748 1.12723 0.799500 11.3689 11.3689 2.33177 0.678078 -1.997942225 1.202223728
40 127 1.11935 1.13300 0.811559 11.3635 11.3635 2.39454 0.626785 -2.086960709 1.174049075
41 127 1.14331 1.15176 0.831836 11.3612 11.3612 2.45289 0.573201 -2.174691874 1.134619993
42 127 1.29593 1.29984 0.945630 11.4277 11.4277 2.50804 0.518350 -2.261806987 1.083719632
43 127 1.02012 1.01853 0.746329 11.3644 11.3644 2.56215 0.463542 -2.350017312 1.020774500
44 127 1.07431 1.06627 0.788217 11.3454 11.3454 2.61951 0.410555 -2.442690761 0.9460900498
45 127 1.08980 1.07233 0.802585 11.3402 11.3402 2.68572 0.361849 -2.543223870 0.8631903328
46 127 1.09680 1.06673 0.811757 11.3366 11.3366 2.76310 0.321157 -2.651613272 0.7769540522
47 127 1.09991 1.05478 0.818969 11.3337 11.3337 2.85061 0.294165 -2.765730092 0.6904290681
48 127 1.10075 1.03895 0.825143 11.3312 11.3312 2.94617 0.287674 -2.883376933 0.6049786633
49 127 1.10022 1.02090 0.830676 11.3290 11.3290 3.04755 0.306139 -3.002717868 0.5207764101
50 127 1.09923 1.00181 0.836079 11.3272 11.3272 3.15385 0.348779 -3.123424599 0.4370148961
51 127 1.08969 0.974225 0.835163 11.3257 11.3257 3.26642 0.411306 -3.247166743 0.3540454055
52 127 1.09094 0.955331 0.842749 11.3243 11.3243 3.38681 0.489250 -3.375632236 0.2748317021
53 127 1.08744 0.931530 0.846792 11.3233 11.3233 3.51418 0.579095 -3.508242979 0.2040248443
54 127 1.08344 0.907498 0.850304 11.3226 11.3226 3.64489 0.678044 -3.641973861 0.1457547240
55 127 1.07924 0.884459 0.853212 11.3222 11.3222 3.77371 0.783535 -3.772292086 0.1031738898
56 127 1.07556 0.864148 0.855793 11.3224 11.3224 3.89335 0.892551 -3.892567513 0.07781741448
57 127 1.07253 0.847711 0.857865 11.3232 11.3232 3.99570 1.00158 -3.995134351 0.06720430612
58 127 1.07034 0.835784 0.859474 11.3252 11.3252 4.07537 1.10755 -4.074861233 0.06426949750
59 127 1.06890 0.827817 0.860683 11.3292 11.3292 4.13307 1.20910 -4.132623920 0.06043353600
60 127 1.06796 0.822448 0.861588 11.3379 11.3379 4.17467 1.30681 -4.174346989 0.05136864684
61 127 1.06730 0.818664 0.862251 11.3597 11.3597 4.20492 1.40120 -4.204735892 0.03844216439
62 127 1.06687 0.816204 0.862688 11.4400 11.4400 4.22490 1.49163 -4.224830486 0.02368388597
63 127 1.06666 0.814993 0.862905 12.4714 12.4714 4.23483 1.57727 -4.234821687 0.007992954465
64 127 1.06666 0.814993 0.862905 12.4714 12.4714 4.23483 1.57727 -4.234821687 -0.007992954465
65 127 1.06687 0.816204 0.862688 11.4400 11.4400 4.22490 1.49163 -4.224830486 -0.02368388597
66 127 1.06730 0.818664 0.862251 11.3597 11.3597 4.20492 1.40120 -4.204735892 -0.03844216439
67 127 1.06796 0.822448 0.861588 11.3379 11.3379 4.17467 1.30681 -4.174346989 -0.05136864684
68 127 1.06890 0.827817 0.860683 11.3292 11.3292 4.13307 1.20910 -4.132623920 -0.06043353600
69 127 1.07034 0.835784 0.859474 11.3252 11.3252 4.07537 1.10755 -4.074861233 -0.06426949750
70 127 1.07253 0.847711 0.857865 11.3232 11.3232 3.99570 1.00158 -3.995134351 -0.06720430612
71 127 1.07556 0.864148 0.855793 11.3224 11.3224 3.89335 0.892551 -3.892567513 -0.07781741448
72 127 1.07924 0.884459 0.853212 11.3222 11.3222 3.77371 0.783535 -3.772292086 -0.1031738898
73 127 1.08344 0.907498 0.850304 11.3226 11.3226 3.64489 0.678044 -3.641973861 -0.1457547240
74 127 1.08744 0.931530 0.846792 11.3233 11.3233 3.51418 0.579095 -3.508242979 -0.2040248443
75 127 1.09094 0.955331 0.842749 11.3243 11.3243 3.38681 0.489250 -3.375632236 -0.2748317021
76 127 1.08969 0.974225 0.835163 11.3257 11.3257 3.26642 0.411306 -3.247166743 -0.3540454055
77 127 1.09923 1.00181 0.836079 11.3272 11.3272 3.15385 0.348779 -3.123424599 -0.4370148961
78 127 1.10022 1.02090 0.830676 11.3290 11.3290 3.04755 0.306139 -3.002717868 -0.5207764101
79 127 1.10075 1.03895 0.825143 11.3312 11.3312 2.94617 0.287674 -2.883376933 -0.6049786633
80 127 1.09991 1.05478 0.818969 11.3337 11.3337 2.85061 0.294165 -2.765730092 -0.6904290681
81 127 1.09680 1.06673 0.811757 11.3366 11.3366 2.76310 0.321157 -2.651613272 -0.7769540522
82 127 1.08980 1.07233 0.802585 11.3402 11.3402 2.68572 0.361849 -2.543223870 -0.8631903328
83 127 1.07431 1.06627 0.788217 11.3454 11.3454 2.61951 0.410555 -2.442690761 -0.9460900498
84 127 1.02012 1.01853 0.746329 11.3644 11.3644 2.56215 0.463542 -2.350017312 -1.020774500
85 127 1.29593 1.29984 0.945630 11.4277 11.4277 2.50804 0.518350 -2.261806987 -1.083719632
86 127 1.14331 1.15176 0.831836 11.3612 11.3612 2.45289 0.573201 -2.174691874 -1.134619993
87 127 1.11935 1.13300 0.811559 11.3635 11.3635 2.39454 0.626785 -2.086960709 -1.174049075
88 127 1.10748 1.12723 0.799500 11.3689 11.3689 2.33177 0.678078 -1.997942225 -1.202223728
89 127 1.09968 1.12705 0.789477 11.3757 11.3757 2.26272 0.689826 -1.907014957 -1.217862046
90 127 1.09448 1.13277 0.779828 11.3836 11.3836 2.18293 0.637273 -1.810586929 -1.219397911
91 127 1.09025 1.14466 0.769068 11.3928 11.3928 2.08928 0.579115 -1.703654378 -1.209394507
92 127 1.08814 1.16438 0.758282 11.4032 11.4032 1.98394 0.515728 -1.584607555 -1.193739254
93 127 1.08558 1.18836 0.746283 11.4153 11.4153 1.87230 0.449860 -1.456123375 -1.176938282
94 127 1.08211 1.21545 0.733256 11.4296 11.4296 1.75827 0.384354 -1.320683625 -1.160721076
95 127 1.07650 1.24320 0.719320 11.4620 11.4620 1.64663 0.323575 -1.180621188 -1.147833106
96 127 1.06724 1.26648 0.704877 11.4658 11.4658 1.54473 0.275211 -1.042003745 -1.140348652
97 127 1.05436 1.28257 0.690190 11.4856 11.4856 1.45477 0.245076 -0.9112758813 -1.133986027
98 127 1.03902 1.29337 0.675124 11.5108 11.5108 1.37264 0.233485 -0.7892882312 -1.123006960
99 127 1.02306 1.30231 0.659736 11.5407 11.5407 1.29397 0.237058 -0.6759775538 -1.103355443
100 127 1.00861 1.31661 0.643268 11.5763 11.5763 1.21039 0.249434 -0.5683474094 -1.068644733
101 127 1.00376 1.35411 0.630207 11.6196 11.6196 1.11646 0.270371 -0.4578205398 -1.018269557
27 128 1.00622 1.32164 0.639831 8.22376 8.22376 1.19138 0.253002 -0.5455011588 1.059153558
29 128 1.03532 1.29531 0.671633 8.17579 8.17579 1.35471 0.233185 -0.7628371356 1.119510880
31 128 1.06441 1.27100 0.701343 8.14220 8.14220 1.52196 0.266158 -1.009511808 1.138967946
33 128 1.08093 1.22271 0.729739 8.11667 8.11667 1.72899 0.367977 -1.284861173 1.156939329
35 128 1.08748 1.17055 0.755097 8.09717 8.09717 1.95384 0.497837 -1.550265990 1.189171220
37 128 1.09346 1.13584 0.777049 8.08282 8.08282 2.15729 0.621081 -1.780919361 1.217462493
39 128 1.10479 1.12664 0.796338 8.07197 8.07197 2.31156 0.693110 -1.970526167 1.208429087
41 128 1.13298 1.14302 0.823461 8.06512 8.06512 2.43462 0.590556 -2.146707053 1.148474904
43 128 0.938443 0.938496 0.685969 8.10826 8.10826 2.54388 0.481851 -2.320092371 1.043290229
45 128 1.08578 1.07201 0.798464 8.05130 8.05130 2.66120 0.378287 -2.506909666 0.8929408310
47 128 1.09909 1.05973 0.816472 8.04633 8.04633 2.81743 0.302049 -2.723308413 0.7221235418
49 128 1.10054 1.02799 0.828613 8.04284 8.04284 3.00816 0.296055 -2.956906590 0.5529108786
51 128 1.10199 0.992960 0.842000 8.04031 8.04031 3.22069 0.384316 -3.197361751 0.3868784455
53 128 1.08900 0.941508 0.845203 8.03846 8.03846 3.46078 0.540641 -3.452986737 0.2320306013
55 128 1.08079 0.893938 0.851837 8.03751 8.03751 3.71901 0.737582 -3.717085417 0.1193835757
57 128 1.07377 0.854479 0.856994 8.03781 8.03781 3.95272 0.953252 -3.952083246 0.07047077413
59 128 1.06949 0.831077 0.860169 8.04083 8.04083 4.10889 1.16283 -4.108405416 0.06274878659
61 128 1.06758 0.820297 0.861964 8.05468 8.05468 4.19180 1.35666 -4.191551760 0.04491621059
63 128 1.06674 0.815436 0.862826 8.23653 8.23653 4.23119 1.53577 -4.231157064 0.01579003649
65 128 1.06674 0.815436 0.862826 8.23653 8.23653 4.23119 1.53577 -4.231157064 -0.01579003649
67 128 1.06758 0.820297 0.861964 8.05468 8.05468 4.19180 1.35666 -4.191551760 -0.04491621059
69 128 1.06949 0.831077 0.860169 8.04083 8.04083 4.10889 1.16283 -4.108405416 -0.06274878659
71 128 1.07377 0.854479 0.856994 8.03781 8.03781 3.95272 0.953252 -3.952083246 -0.07047077413
73 128 1.08079 0.893938 0.851837 8.03751 8.03751 3.71901 0.737582 -3.717085417 -0.1193835757
75 128 1.08900 0.941508 0.845203 8.03846 8.03846 3.46078 0.540641 -3.452986737 -0.2320306013
77 128 1.10199 0.992960 0.842000 8.04031 8.04031 3.22069 0.384316 -3.197361751 -0.3868784455
79 128 1.10054 1.02799 0.828613 8.04284 8.04284 3.00816 0.296055 -2.956906590 -0.5529108786
81 128 1.09909 1.05973 0.816472 8.04633 8.04633 2.81743 0.302049 -2.723308413 -0.7221235418
83 128 1.08578 1.07201 0.798464 8.05130 8.05130 2.66120 0.378287 -2.506909666 -0.8929408310
85 128 0.938443 0.938496 0.685969 8.10826 8.10826 2.54388 0.481851 -2.320092371 -1.043290229
87 128 1.13298 1.14302 0.823461 8.06512 8.06512 2.43462 0.590556 -2.146707053 -1.148474904
89 128 1.10479 1.12664 0.796338 8.07197 8.07197 2.31156 0.693110 -1.970526167 -1.208429087
91 128 1.09346 1.13584 0.777049 8.08282 8.08282 2.15729 0.621081 -1.780919361 -1.217462493
93 128 1.08748 1.17055 0.755097 8.09717 8.09717 1.95384 0.497837 -1.550265990 -1.189171220
95 128 1.08093 1.22271 0.729739 8.11667 8.11667 1.72899 0.367977 -1.284861173 -1.156939329
97 128 1.06441 1.27100 0.701343 8.14220 8.14220 1.52196 0.266158 -1.009511808 -1.138967946
99 128 1.03532 1.29531 0.671633 8.17579 8.17579 1.35471 0.233185 -0.7628371356 -1.119510880
101 128 1.00622 1.32164 0.639831 8.22376 8.22376 1.19138 0.253002 -0.5455011588 -1.059153558
26 129 1.03567 1.41973 0.645606 11.7386 11.7386 1.07631 0.282038 -0.4113432070 0.9946008512
28 129 1.01626 1.30695 0.652617 11.6460 11.6460 1.25888 0.241588 -0.6290546130 1.090434742
29 129 1.03160 1.29708 0.668143 11.6140 11.6140 1.33720 0.233601 -0.7372522171 1.115594947
31 129 1.06143 1.27504 0.697852 11.5644 11.5644 1.50022 0.258339 -0.9780400566 1.137571140
32 129 1.07241 1.25563 0.712189 11.5630 11.5630 1.59448 0.297516 -1.111138956 1.143552318
34 129 1.08392 1.20235 0.739542 11.5121 11.5121 1.81225 0.415083 -1.385496695 1.168181034
35 129 1.08683 1.17694 0.751902 11.4991 11.4991 1.92385 0.480107 -1.515847931 1.184645086
37 129 1.09319 1.14007 0.774675 11.4780 11.4780 2.13089 0.604645 -1.750748058 1.214723981
38 129 1.09633 1.12958 0.783799 11.4695 11.4695 2.21732 0.659458 -1.851227136 1.220423296
40 129 1.11133 1.12864 0.803686 11.4558 11.4558 2.35620 0.658922 -2.031915963 1.192878771
41 129 1.12571 1.13738 0.817281 11.4511 11.4511 2.41626 0.607478 -2.119057198 1.160982804
44 129 1.04828 1.04490 0.767580 11.4423 11.4423 2.57974 0.446404 -2.378783233 0.9982195663
46 129 1.09237 1.07159 0.805522 11.4280 11.4280 2.70678 0.349148 -2.573587270 0.8386211501
47 129 1.09794 1.06399 0.813853 11.4247 11.4247 2.78593 0.312195 -2.682107377 0.7534285452
49 129 1.10072 1.03476 0.826520 11.4195 11.4195 2.97007 0.289772 -2.911952259 0.5846543966
50 129 1.09999 1.01665 0.831868 11.4174 11.4174 3.07100 0.313743 -3.029697797 0.5019316940
52 129 1.09182 0.972332 0.838060 11.4141 11.4141 3.28912 0.425330 -3.271669832 0.3382654497
53 129 1.09040 0.951182 0.843529 11.4129 11.4129 3.40908 0.504485 -3.399035361 0.2614564531
55 129 1.08287 0.904049 0.850807 11.4113 11.4113 3.66414 0.693235 -3.661514588 0.1384323658
56 129 1.07873 0.881607 0.853584 11.4110 11.4110 3.79018 0.797773 -3.788884712 0.09885125248
58 129 1.07227 0.846304 0.858048 11.4122 11.4122 4.00480 1.01244 -4.004244353 0.06670911897
59 129 1.07019 0.834966 0.859591 11.4142 11.4142 4.08109 1.11638 -4.080580651 0.06408291763
61 129 1.06791 0.822207 0.861630 11.4275 11.4275 4.17658 1.31202 -4.176265890 0.05074120599
62 129 1.06728 0.818545 0.862272 11.4502 11.4502 4.20588 1.40478 -4.205705235 0.03789655585
64 129 1.06666 0.814989 0.862906 12.6071 12.6071 4.23487 1.57791 -4.234860040 0.007869399552
65 129 1.06666 0.814989 0.862906 12.6071 12.6071 4.23487 1.57791 -4.234860040 -0.007869399552
67 129 1.06728 0.818545 0.862272 11.4502 11.4502 4.20588 1.40478 -4.205705235 -0.03789655585
68 129 1.06791 0.822207 0.861630 11.4275 11.4275 4.17658 1.31202 -4.176265890 -0.05074120599
70 129 1.07019 0.834966 0.859591 11.4142 11.4142 4.08109 1.11638 -4.080580651 -0.06408291763
71 129 1.07227 0.846304 0.858048 11.4122 11.4122 4.00480 1.01244 -4.004244353 -0.06670911897
73 129 1.07873 0.881607 0.853584 11.4110 11.4110 3.79018 0.797773 -3.788884712 -0.09885125248
74 129 1.08287 0.904049 0.850807 11.4113 11.4113 3.66414 0.693235 -3.661514588 -0.1384323658
76 129 1.09040 0.951182 0.843529 11.4129 11.4129 3.40908 0.504485 -3.399035361 -0.2614564531
77 129 1.09182 0.972332 0.838060 11.4141 11.4141 3.28912 0.425330 -3.271669832 -0.3382654497
79 129 1.09999 1.01665 0.831868 11.4174 11.4174 3.07100 0.313743 -3.029697797 -0.5019316940
80 129 1.10072 1.03476 0.826520 11.4195 11.4195 2.97007 0.289772 -2.911952259 -0.5846543966
82 129 1.09794 1.06399 0.813853 11.4247 11.4247 2.78593 0.312195 -2.682107377 -0.7534285452
83 129 1.09237 1.07159 0.805522 11.4280 11.4280 2.70678 0.349148 -2.573587270 -0.8386211501
85 129 1.04828 1.04490 0.767580 11.4423 11.4423 2.57974 0.446404 -2.378783233 -0.9982195663
88 129 1.12571 1.13738 0.817281 11.4511 11.4511 2.41626 0.607478 -2.119057198 -1.160982804
89 129 1.11133 1.12864 0.803686 11.4558 11.4558 2.35620 0.658922 -2.031915963 -1.192878771
91 129 1.09633 1.12958 0.783799 11.4695 11.4695 2.21732 0.659458 -1.851227136 -1.220423296
92 129 1.09319 1.14007 0.774675 11.4780 11.4780 2.13089 0.604645 -1.750748058 -1.214723981
94 129 1.08683 1.17694 0.751902 11.4991 11.4991 1.92385 0.480107 -1.515847931 -1.184645086
95 129 1.08392 1.20235 0.739542 11.5121 11.5121 1.81225 0.415083 -1.385496695 -1.168181034
97 129 1.07241 1.25563 0.712189 11.5630 11.5630 1.59448 0.297516 -1.111138956 -1.143552318
98 129 1.06143 1.27504 0.697852 11.5644 11.5644 1.50022 0.258339 -0.9780400566 -1.137571140
100 129 1.03160 1.29708 0.668143 11.6140 11.6140 1.33720 0.233601 -0.7372522171 -1.115594947
101 129 1.01626 1.30695 0.652617 11.6460 11.6460 1.25888 0.241588 -0.6290546130 -1.090434742
103 129 1.03567 1.41973 0.645606 11.7386 11.7386 1.07631 0.282038 -0.4113432070 -0.9946008512
27 130 1.00286 1.33478 0.633646 8.30022 8.30022 1.15293 0.261225 -0.5001864523 1.038775287
29 130 1.02768 1.29848 0.664508 8.24879 8.24879 1.32001 0.234611 -0.7125013232 1.111196575
31 130 1.05832 1.27864 0.694399 8.21238 8.21238 1.47937 0.251707 -0.9475602726 1.136072440
33 130 1.07812 1.23676 0.722708 8.18799 8.18799 1.67265 0.337269 -1.214199357 1.150420826
37 130 1.09011 1.14176 0.770212 8.14944 8.14944 2.10381 0.587985 -1.720057021 1.211361340
41 130 1.12019 1.13354 0.812337 8.12933 8.12933 2.39779 0.623949 -2.091715292 1.172211129
43 130 1.30094 1.30482 0.949302 8.17806 8.17806 2.50845 0.517926 -2.262478252 1.083282116
47 130 1.09639 1.06750 0.811078 8.11051 8.11051 2.75614 0.324162 -2.642186776 0.7842903966
49 130 1.10073 1.04117 0.824379 8.10664 8.10664 2.93329 0.287151 -2.867863732 0.6160711619
51 130 1.09935 1.00519 0.835068 8.10375 8.10375 3.13465 0.339647 -3.101910242 0.4518186801
53 130 1.09154 0.960411 0.841712 8.10166 8.10166 3.35926 0.470721 -3.346547533 0.2919430554
57 130 1.07667 0.870191 0.855035 8.10002 8.10002 3.85712 0.857998 -3.856196575 0.08400670941
59 130 1.07104 0.839585 0.858944 8.10147 8.10147 4.04929 1.06972 -4.048767440 0.06501717717
61 130 1.06830 0.824409 0.861250 8.10805 8.10805 4.15925 1.26738 -4.158870297 0.05568730821
63 130 1.06704 0.817162 0.862518 8.14733 8.14733 4.21709 1.45113 -4.216973585 0.03054031283
67 130 1.06704 0.817162 0.862518 8.14733 8.14733 4.21709 1.45113 -4.216973585 -0.03054031283
69 130 1.06830 0.824409 0.861250 8.10805 8.10805 4.15925 1.26738 -4.158870297 -0.05568730821
71 130 1.07104 0.839585 0.858944 8.10147 8.10147 4.04929 1.06972 -4.048767440 -0.06501717717
73 130 1.07667 0.870191 0.855035 8.10002 8.10002 3.85712 0.857998 -3.856196575 -0.08400670941
77 130 1.09154 0.960411 0.841712 8.10166 8.10166 3.35926 0.470721 -3.346547533 -0.2919430554
79 130 1.09935 1.00519 0.835068 8.10375 8.10375 3.13465 0.339647 -3.101910242 -0.4518186801
81 130 1.10073 1.04117 0.824379 8.10664 8.10664 2.93329 0.287151 -2.867863732 -0.6160711619
83 130 1.09639 1.06750 0.811078 8.11051 8.11051 2.75614 0.324162 -2.642186776 -0.7842903966
87 130 1.30094 1.30482 0.949302 8.17806 8.17806 2.50845 0.517926 -2.262478252 -1.083282116
89 130 1.12019 1.13354 0.812337 8.12933 8.12933 2.39779 0.623949 -2.091715292 -1.172211129
93 130 1.09011 1.14176 0.770212 8.14944 8.14944 2.10381 0.587985 -1.720057021 -1.211361340
97 130 1.07812 1.23676 0.722708 8.18799 8.18799 1.67265 0.337269 -1.214199357 -1.150420826
99 130 1.05832 1.27864 0.694399 8.21238 8.21238 1.47937 0.251707 -0.9475602726 -1.136072440
101 130 1.02768 1.29848 0.664508 8.24879 8.24879 1.32001 0.234611 -0.7125013232 -1.111196575
103 130 1.00286 1.33478 0.633646 8.30022 8.30022 1.15293 0.261225 -0.5001864523 -1.038775287
