0 1
1 0
2 0
3 -1
4 0
5 -1
6 0
7 -1
8 1
9 -1
10 2
11 -1
12 4
13 -2
14 6
15 -6
16 9
17 -14
18 14
19 -30
20 28
21 -56
22 64
23 -101
24 148
25 -188
26 321
27 -385
28 657
29 -844
30 1310
31 -1887
32 2648
33 -4132
34 5567
35 -8810
36 12127
37 -18510
38 26800
39 -39078
40 58957
41 -83940
42 128281
43 -183567
44 277186
45 -405304
46 599886
47 -895455
48 1308709
49 -1971132
50 2881490
51 -4327089
52 6383042
53 -9506763
54 14166884
55 -20970012
56 31425321
57 -46484933
58 69663807
59 -103439867
60 154548363
61 -230626623
62 343632826
63 -514509726
64 766235907
65 -1148193531
66 1712805673
67 -2564412057
68 3835017546
69 -5735843891
70 8594789732
71 -12852556000
72 19275294091
73 -28848070401
74 43263727905
75 -64836177279
76 97212357865
77 -145859356604
78 218708267629
79 -328389677486
80 492653589376
81 -739924265850
82 1110906592037
83 -1668666605999
84 2507215140731
85 -3766749089661
86 5662826846559
87 -8510853386494
88 12799428784943
89 -19246577927867
90 28951662695916
91 -43557668825176
92 65537724165483
93 -98644835402023
94 148470168478314
95 -223546689498833
96 336587496306871
97 -506925220766448
98 763560090274291
99 -1150272949953288
100 1733222222478168
101 -2611762456556932
102 3936572830059281
103 -5933763551506374
104 8946000821762422
105 -13488869278174137
106 20341445434161022
107 -30680025163295455
108 46277615847123243
109 -69816867813759947
110 105338664942896218
111 -158958008959386523
112 239895515093218327
113 -362089809729864541
114 546593016520181873
115 -825194276013743580
116 1245963705764930838
117 -1881461365594364314
118 2841446632387127681
119 -4291667706954582282
120 6482773564503356357
121 -9793573003025099384
122 14796671971551484356
123 -22358048608423507157
124 33786516119437768614
125 -51062085096990325225
126 77177915319674659598
127 -116662161180394013327
128 176362856141823681265
129 -266638880382051555074
130 403162594178888663014
131 -609640899700662748268
132 921950171086292844988
133 -1394366767341255376546
134 2109037368153263587197
135 -3190270539343804652973
136 4826212547112399075096
137 -7301650779612108152269
138 11047647343000355817476
139 -16716811832206412734921
140 25297072337819476969922
141 -38284305637912976551452
142 57943382950342786052840
143 -87703977846848070171654
144 132759848394083581294065
145 -200976558165319070556159
146 304267353437445785645149
147 -460676027899890796652843
148 697535412995388545622467
149 -1056249524098387128940426
150 1599544051094241589068607
151 -2422450329390963384936581
152 3668952217068734160568830
153 -5557219635836962419827760
154 8417842249953450184904190
155 -12751803016423705087454304
156 19318324458741269537940888
157 -29268073420394136841126637
158 44345060521309798644087060
159 -67192754369385284318934801
160 101818210644690347555517518
161 -154295718680916934194726117
162 233833904735677198827716647
163 -354393604422649830151314807
164 537141637739355146878425134
165 -814171657667650090426627278
166 1234147495584387217025011780
167 -1870862262531397924188186675
168 2836219910751541593605288012
169 -4299927133907599893660464411
170 6519361768500844255209356981
171 -9884885057227052273359259486
172 14988578231944939048940072251
173 -22728526177476664978781185546
174 34467031712640048237093892306
175 -52270661940645545980593983020
176 79274479301043107796997200527
177 -120234697890513686566737890945
178 182367328011142298618472410358
179 -276620784443116644531687335962
180 419607182238926184518133189577
181 -636533293349582880441733796513
182 965648819153914967394838140995
183 -1464997800039749710376881261938
184 2222665848431963020526452268116
185 -3372334326066114318574733459277
186 5116890204577067074618470429655
187 -7764265918507299331979646586723
188 11781845679153840334262648128646
189 -17879060145300851684017487746384
190 27132778892669161050640431680303
191 -41177682963115967234055763866244
192 62495304731759901782716456294100
193 -94852884048931953165817182766145
194 143969725230901926227674825252929
195 -218529018662131155223374097948304
196 331714290750770111870231490235198
197 -503542581322048756315313188165593
198 764407609645748158456969622745052
199 -1160460638173889296613223377847671
200 1761782414644260813511708273964397
201 -2674794419776475722670013620326473
202 4061109177468812801567316740215980
203 -6166161300179383798429123057391909
204 9362695523574446940415604850936751
205 -14216823343337563341678764157928115
206 21588363876144009087688901652915928
207 -32783267483804307281951672026412480
208 49785164033462815963856358355296368
209 -75607120609539975840977177892568129
210 114826033502149003935991472100698150
211 -174394503588826543838885793143555812
212 264874316591775329151614171873409408
213 -402310524403529758021431571857832907
214 611078903748836489681462259418852569
215 -928212487148188649549798496366090408
216 1409975638313538840095050954244614529
217 -2141853526126453248567794205999576528
218 3253731818115279853028565470886118290
219 -4942963939622618881753634802271201000
220 7509425386094702852203565244464016821
221 -11408785735514069102078636102365036373
222 17333468394282910600354788063180413030
223 -26335691950014252478115363934301148890
224 40014471726394467670480473735610429821
225 -60799837487454218861173654976937586746
226 92384818663271562259343473281552750653
227 -140382040537540732485248832478668985552
228 213321744564133325640838757839340519029
229 -324168810718540044558598193239000554279
230 492628739468537042917868723339337052667
231 -748653000445714191062927382092954112232
232 1137767688647204381636917366015322855365
233 -1729174090014851316288272644448208791200
234 2628063386318676801697716749893101380517
235 -3994338283162510458494897873032809437276
236 6071075579015623768932711562277062635099
237 -9227798997201192716098038417283563221662
238 14026270302340961082614158045877726403866
239 -21320519183527870015844615465642888029050
240 32408934003245604908083452977105585770141
241 -49265514199962280032867586372366075746715
242 74891495537367711281003671305360639723616
243 -113850018020182619950823947471820197666899
244 173079140529515552960594867308205711755749
245 -263128137552339780104900844984254389414421
246 400037495879637485031331578242586103578605
247 -608197830692264086027131573456266854561769
248 924697545742244561193468789030963116418347
249 -1405934631225084488171924641754953907859689
250 2137671922827541843287929350070663451457550
251 -3250329535040817149495682332193251452235050
252 4942242707743544007782510015279734280770404
253 -7515034806381086826880320186134399051169626
254 11427417500833547042066070525416642073363524
255 -17377019322129165088207210141901449112596220
256 26424847252749477284275465788048525855314686
257 -40184597361871931077941405410160666650442322
258 61110609273003900269774809787202454757952042
259 -92935873825268148995885864239994151345908879
260 141338300524944458134281898080635291006849847
261 -214954219130310188942481350395656376567832574
262 326920112551276802467649156772174513111173046
263 -497217939831711421317510347234759557087986638
264 756242972485951551739419210212508677274624562
265 -1150231494942578544791752566868238323933754395
266 1749518054619266101262469976985245051349243149
267 -2661097599925123783776515481806821022424234274
268 4047737218079551291916216021285422412004569570
269 -6157052842851380872971209354577215721568668516
270 9365747577845951458378885051230776283218161182
271 -14246918722121533516416280186476793038144139063
272 21672464947342686026978087605266304815142076010
273 -32968901055343048436772337372396554865740435042
274 50154437978965701398349372519102841074318931534
275 -76299718656662632535048752426735367763871460477
276 116076716190540275449053825676172068865289511912
277 -176593956340332087402609018623763288559422243500
278 268667444226156719502767717344128065382775407077
279 -408754620760072182064561275700405384144393971441
280 621897297662132601616263579486939900536590743877
281 -946200052598904991440969463524034264627620790791
282 1439645323100666617657884946162326761886174759761
283 -2190464604562818470768362522528134211145214627252
284 3332921597180115872511874646127147257855579396384
285 -5071331808402323236401491153763449972120778363631
286 7716617446309978011743138736297528012507205328534
287 -11741940443716774859397416757368063632663549553485
288 17867371999005858462536864704686366892388795193892
289 -27188755826639276323646769792336781388924901906774
290 41373835548100371086799400060297372357182320606416
291 -62960761790514738052311762506330736698327992307355
292 95812429358871575478360871255701711683285839767562
293 -145808004051807005617678929652681399462132283600544
294 221895482709006720522509793046993239231055267015880
295 -337693801217243532470072878235738476874576900585102
296 513931452133042126572068412086657071481309895619691
297 -782158438695463789791051245114566276647435836728298
298 1190396534183099452226467681790405755427264857042355
299 -1811740125528305839817606408821353975485973297992251
300 2757448651942000957090326908305448318156160519797380
