0 1
1 0
2 0
3 0
4 0
5 0
6 -1
7 0
8 -2
9 1
10 -4
11 5
12 -8
13 14
14 -21
15 35
16 -56
17 92
18 -149
19 250
20 -402
21 684
22 -1121
23 1891
24 -3172
25 5332
26 -9044
27 15295
28 -26028
29 44337
30 -75717
31 129543
32 -222179
33 381379
34 -656333
35 1130409
36 -1950318
37 3369259
38 -5826761
39 10090435
40 -17490326
41 30350630
42 -52716952
43 91650013
44 -159476654
45 277732828
46 -484056580
47 844309776
48 -1473729353
49 2574166095
50 -4499301939
51 7869154994
52 -13771423856
53 24114771696
54 -42250633101
55 74066036407
56 -129906797264
57 227962566010
58 -400226765858
59 702994781562
60 -1235363143164
61 2171835199524
62 -3819816638016
63 6721026222990
64 -11830422275232
65 20832007861767
66 -36696357488933
67 64665225532488
68 -113990827176221
69 201009112345782
70 -354571646961518
71 625648691274599
72 -1104310987389316
73 1949767274525493
74 -3443507679443752
75 6083349236029704
76 -10749902333553034
77 19001292997074198
78 -33595072392020875
79 59412638259656190
80 -105096942294027326
81 185954449192109403
82 -329098333837463252
83 582565651639083350
84 -1031482122412646231
85 1826727727227935250
86 -3235779745530115883
87 5732907176407640581
88 -10159201669236409588
89 18006567240885051207
90 -31921770919993378424
91 56601224490431345694
92 -100379640783499166245
93 178051086866957271510
94 -315879237635870681270
95 560497046030414418880
96 -994717497695300472351
97 1765626376962070400243
98 -3134505005408245923556
99 5565558735700174574069
100 -9883637207603643408295
101 17554629417235326101801
102 -31184016007571414307604
103 55403427863139182646224
104 -98447384084683050307679
105 174957859906308549789090
106 -310973427621418820281404
107 552805679924032145472919
108 -982833579366328396928146
109 1747610560951116227874689
110 -3107888730481945305301695
111 5527660486969282081061533
112 -9832667559301187008011270
113 17492604386745427852202404
114 -31123595861067017949968859
115 55382979052432687586486655
116 -98562840717526580701349924
117 175428273840388357286321259
118 -312273114482554370241323464
119 555926524286817246978025456
120 -989799392807712506861028607
121 1762475823704435732394085580
122 -3138662237697224077956768020
123 5589985412884535152598123401
124 -9956821320616900165320268497
125 17736747580513213415699379882
126 -31598742038546986489610222559
127 56299878534367697788899879570
128 -100319720819418456320001841665
129 178774559451736667515858854964
130 -318614128337344371031378119731
131 567889235811032284084418983505
132 -1012280645930848357048821192893
133 1804580789971748776370435412047
134 -3217282890251082288096081002797
135 5736396051406929947567899156623
136 -10228817153283645094958179723308
137 18240955008329892017761055837146
138 -32531573624389345211494695369207
139 58022628403111764243089550772582
140 -103496115093373556220985035954453
141 184622457572035996500448292086250
142 -329365688190157371407835485893049
143 587631483119206892376235156573816
144 -1048489701228088241388040019004835
145 1870920103432315475217892516813874
146 -3338703328825718480181942157394855
147 5958425318835500875475203942434092
148 -10634469427766486342626876597012825
149 18981494068281837378074757801259002
150 -33882448873079521330953413526070952
151 60485130425181360667573060222326460
152 -107982030810670048380886069990928130
153 192789339739405693273375012301858537
154 -344225325999965068092593020539662698
155 614653747066403275386092439087860413
156 -1097604287399029595384353841001895942
157 1960145223653872742158602767813073744
158 -3500721379737487130664105958055841682
159 6252494926428430196064362782477470985
160 -11167997725307879042433473990576499139
161 19949091606562799766762769289396851066
162 -35636615296187536895022487216397307845
163 63664154055921197311094450935066644599
164 -113741351851514380306274039308097431059
165 203219969862011620424529037860989451322
166 -363110380108681852607923006518691983911
167 648835996837179771719129607073333305190
168 -1159457702429841872842004422310980133367
169 2072040797252545852126941404352143937100
170 -3703094833683461193022283122433067210588
171 6618418610313338970459865276336054506274
172 -11829495638680495684795416410382620909433
173 21144652788493698934273002861654115855834
174 -37796967911664827113533588019441514677184
175 67567085359275693254097698624755027037222
176 -120791111404327189682884170293539451071175
177 215951433848038989935097583124623262614450
178 -386098653739924798072357221439145744506838
179 690337277333583707140288846601690021456908
180 -1234368903131439465791270022131365056707024
181 2207237153677851273043148545161203473243303
182 -3947054982329694424903981918524598971490755
183 7058579079803003253540480892949186133017777
184 -12623538373845422606560270006324448721237887
185 22576905793265603193925982165797732123626879
186 -40380065738938202395412073343699275195327643
187 72225190973185021335201403586645588948649143
188 -129190103911259303128552014660669713783181882
189 231093891608488014676488128048832310885700201
190 -413395891610936297573930152453340619581236504
191 739540772485131886415659203050555953926771249
192 -1323049743888942775107301837422911850091035305
193 2367053742787279494761629914978859021716799011
194 -4235042497203554360810492843318673908560147903
195 7577482679941951656095640057136488635179403123
196 -13558432303529431453371112581791902084562406899
197 24261138049995394736128952351575506901799290018
198 -43414005145246063232463799362093018734490002654
199 77690042272038847333410977386525451777211024830
200 -139032877881371461435031744000586869987704296378
201 248820495330061363227860544089257386852456719295
202 -445318878535927330037561243412140739759437493729
203 797025505532136636149454299314463429914031631442
204 -1426557655538170292943645483404366001242485495177
205 2553420126015358535858759066565285773030222458069
206 -4570575734726848817417047296362607429099603149577
207 8181540287430567129876199649115255641969277922141
208 -14645851201657638491030292021790760492973353739176
209 26218593720705898522825923457706228765151901364574
210 -46937424528281010581208183619780573167756607770716
211 84031876124994496466463935847778816934470243151915
212 -150447045415544639745667260930127389333559675991196
213 269362991043298750428748287642197224468245339828968
214 -482288281616264269244780192790589285680636455193691
215 863554752758972129233380541109733906795357007605351
216 -1546277008555777370190832076738994506062755918007379
217 2768846223242711702643596069077163103923553679592396
218 -4958203667442808001075483164642654356141816839746364
219 8878993682780578931732655753098815885493070161025492
220 -15900722697118966554641728246274631882667484324003606
221 28476301803061499033569996765227658030848125909546350
222 -50999250503681845616718492906688038061767305006149872
223 91339233221290051273208760398722828164204059591369374
224 -163592794179496477329468843396499575449337551559764560
225 293011119307489031000767816401731868905602019022526215
226 -524828049611597925325846367312532123099461555752057098
227 940075781539142934908557085251825820909895573161220355
228 -1683920045270186484666003530725399170454553950040299952
229 3016426396631753571797922462936640907842671888781234754
230 -5403517359075232171559595623138791253779303060109967362
231 9679943276381833083566333870878114754818195993558580905
232 -17341290306162669686325886429987633904635822055997735240
233 31067208585413446759781666795934382288072830625039032975
234 -55658971999291600412880080510823596989126730796570696820
235 99719512648283292530873744964545605324022809492953726844
236 -178663990677826020213742305047816877394505941260908043473
237 320114781371248970262134049499906087314536714461076120561
238 -573569621468712574683599535680929762538262767303137963212
239 1027727956944344523148939702022808177293492535318481046283
240 -1841542383982247690640317119267323899046536859840862438547
241 3299868924671526896645761629375513140092992935148951401882
242 -5913205708700133848022857948786024421042592137710832820039
243 10596453070666850492531884002684121445606530854146311152145
244 -18989310306682000792322941438863707747233992331905701440572
245 34030545668656063336006672832853877121924200955818989605857
246 -60987326150729758120174277123722921069704233700271941379668
247 109300246821927735926257537250010642193278628147056505678853
248 -195890544441005454443628057099653662622076728815357980471158
249 351088413880955418457798315485142705433943276962475000689007
250 -629260005722173736660515337401585329201967315944398921801821
251 1127857637097401330279911055077048265726324252724978496919227
252 -2021570436792225715197833119917247120633283272996581653603724
253 3623546397063116919520347869855353383449315265033703554813203
254 -6495147955625200351269618793748441776167081960069046184487358
255 11642720255913603691262496191735288033607665960933241651408400
256 -20870362323017195244792773728033278493005988039955662773501297
257 37412398161813559859179497322789655320194012954558296399224081
258 -67067336790892366310864724915066927968053528048728695424349712
259 120230997859249009323391872652934535862911162174821447567866758
260 -215541868137661566018856483064512223567161291481008365889384689
261 386417297392280430219981081715452843316360612992925755282907648
262 -692773274109002197818965508291012832130322550049089591509113239
263 1242039099847033290116799659158014322603586099275198584309287930
264 -2226839487826491492718083847818635710068044458647210536570094305
265 3992564962130386321650745240736525310592396760974043563313818668
266 -7158539541989325748350720119260993485079392127229474368802456872
267 12835303860086005052126651786099438621961489131077442545074345946
268 -23014264509096917851715384608130197662167607925344241716566299583
269 41266458238212800713873081205336041867090462782741856501475412924
270 -73995681581270681494137900640281194827156570019671000808995294045
271 132685836907702817510365344514850602026046795261296681249229486272
272 -237931372241731131001980234298469181842790308105630966642105765504
273 426665701713575074428000819451356225184218856524159513703697532893
274 -765125317899600262804007938825335609575761966056333918992668044281
275 1372101267446485996356762230200014594059040799527875201935137498544
276 -2460642079175290607243194078564981073504343115806735494276765815055
277 4412851906903114900057765464328023234702229930451866263932894184093
278 -7914050593893516977544201201601575351750674283543855309759539579223
279 14193411458191407115778834536228977467886466583554779660988882746450
280 -25455592114349297971680687471777600848326646808459884882177493891139
281 45654962846867730810262260355177298274495858231738349617121553964103
282 -81884387296284999206938373479829753587558479905898619313266819505127
283 146866408427295658062561967993584951375838103957517413797889968925326
284 -263422002767909013396022256210098751778301816698808065043798534441936
285 472486891827085685877263536518101648673040265999834209313887510518086
286 -847491924103901405017795771473182602168296810640417244430198891525332
287 1520160356803650732955483245055707221033363516024925887962223064130650
288 -2726786976426973929417793569715506387751223927944477664742791864130351
289 4891262131649497731079373519994420361016931529667062410026489320451508
290 -8774018156250910228047471516451123560095211607159149017014183547811238
291 15739246196917268006249082799431220272829249321055445920940230871818372
292 -28234303856751708278458304983720565815870158097530969283737303652670836
293 50649824166769352671327910785238695093293933394366799518024432692590390
294 -90862869787800547694471796987529045158205212056436975019952743748112962
295 163005611007614839075220769354612235717150590148027486100988275168511871
296 -292432882066709021781338867483744672744816684757857931720130848102849507
297 524635107763343061609439607257499085396966749323086235618048412902016717
298 -941230384875288286903453413282965569046752966603767183913955260724255922
299 1688658855146820639215901927882657959743893945097435466440175238329209566
300 -3029669460737372941739958002078664297204386282663771638998940430307205773
