0 0
1 1
2 1
3 1
4 1
5 0
6 0
7 -1
8 -2
9 -3
10 -4
11 -5
12 -6
13 -7
14 -8
15 -8
16 -8
17 -8
18 -7
19 -6
20 -4
21 -1
22 2
23 6
24 11
25 16
26 22
27 29
28 36
29 44
30 52
31 60
32 68
33 76
34 83
35 90
36 96
37 100
38 103
39 104
40 102
41 98
42 91
43 80
44 66
45 48
46 25
47 -2
48 -34
49 -72
50 -114
51 -162
52 -216
53 -274
54 -338
55 -407
56 -480
57 -558
58 -640
59 -724
60 -811
61 -900
62 -988
63 -1076
64 -1162
65 -1243
66 -1320
67 -1390
68 -1450
69 -1500
70 -1537
71 -1558
72 -1562
73 -1546
74 -1506
75 -1442
76 -1350
77 -1226
78 -1070
79 -878
80 -646
81 -375
82 -60
83 302
84 710
85 1168
86 1678
87 2239
88 2854
89 3524
90 4246
91 5022
92 5852
93 6731
94 7660
95 8636
96 9652
97 10708
98 11798
99 12913
100 14050
101 15200
102 16352
103 17500
104 18632
105 19734
106 20796
107 21804
108 22740
109 23592
110 24342
111 24968
112 25457
113 25786
114 25932
115 25878
116 25598
117 25068
118 24268
119 23171
120 21750
121 19984
122 17846
123 15308
124 12350
125 8944
126 5063
127 690
128 -4202
129 -9636
130 -15626
131 -22196
132 -29362
133 -37133
134 -45526
135 -54550
136 -64206
137 -74500
138 -85432
139 -96990
140 -109170
141 -121958
142 -135326
143 -149256
144 -163716
145 -178662
146 -194058
147 -209850
148 -225975
149 -242374
150 -258972
151 -275682
152 -292420
153 -309086
154 -325566
155 -341752
156 -357515
157 -372712
158 -387208
159 -400844
160 -413450
161 -424862
162 -434890
163 -443336
164 -450007
165 -454686
166 -457148
167 -457172
168 -454516
169 -448930
170 -440172
171 -427978
172 -412077
173 -392212
174 -368102
175 -339466
176 -306038
177 -267528
178 -223654
179 -174150
180 -118732
181 -57128
182 10916
183 85664
184 167366
185 256244
186 352528
187 456428
188 568116
189 687771
190 815538
191 951522
192 1095828
193 1248516
194 1409600
195 1579084
196 1756920
197 1943006
198 2137221
199 2339382
200 2549242
201 2766528
202 2990896
203 3221926
204 3459166
205 3702080
206 3950048
207 4202413
208 4458418
209 4717218
210 4977920
211 5239522
212 5500930
213 5760990
214 6018434
215 6271892
216 6519931
217 6760998
218 6993430
219 7215502
220 7425358
221 7621034
222 7800504
223 7961604
224 8102068
225 8219564
226 8311628
227 8375698
228 8409150
229 8409234
230 8373108
231 8297882
232 8180548
233 8018020
234 7807180
235 7544803
236 7227610
237 6852310
238 6415524
239 5913846
240 5343884
241 4702186
242 3985308
243 3189850
244 2312388
245 1349545
246 298030
247 -845428
248 -2084010
249 -3420758
250 -4858650
251 -6400514
252 -8048982
253 -9806570
254 -11675574
255 -13658037
256 -15755816
257 -17970478
258 -20303268
259 -22755170
260 -25326804
261 -28018384
262 -30829788
263 -33760444
264 -36809290
265 -39974847
266 -43255090
267 -46647418
268 -50148724
269 -53755260
270 -57462612
271 -61265766
272 -65158970
273 -69135714
274 -73188796
275 -77310178
276 -81490972
277 -85721506
278 -89991180
279 -94288454
280 -98600920
281 -102915150
282 -107216694
283 -111490160
284 -115719052
285 -119885786
286 -123971765
287 -127957222
288 -131821248
289 -135541868
290 -139095890
291 -142458940
292 -145605550
293 -148509008
294 -151141406
295 -153473740
296 -155475756
297 -157116025
298 -158362048
299 -159180106
300 -159535360
