-28404 15625 -39528 15625
13248 203125 -648864 203125
249948 203125 -319464 203125
-7138728 2640625 -3338496 2640625
-221256 203125 51408 203125
-44712 15625 -218592 203125
-1901844 2640625 -3955608 2640625
-2775744 2640625 1244592 2640625
-2483244 2640625 -4020408 2640625
-249948 203125 319464 203125
-291456 105625 235008 105625
-432756 105625 78408 105625
-233856 105625 8208 105625
-25668 8125 648 625
-120384 105625 17712 105625
-132084 105625 -192888 105625
-8568 8125 3024 8125
-26172 8125 6696 8125
-1944 625 -9504 8125
20916 105625 174312 105625
9216 105625 -36288 105625
-168984 105625 266112 105625
18216 105625 -14688 105625
-27252 105625 350136 105625
-17604 8125 36072 8125
-15804 8125 36072 8125
-32004 8125 14472 8125
-208152 105625 236736 105625
-252108 105625 466344 105625
-240408 105625 255744 105625
-32508 8125 23544 8125
-31608 8125 7344 8125
-30204 8125 1944 625
-31104 8125 -1728 8125
-504 8125 9072 8125
-173196 105625 28728 105625
16704 105625 120528 105625
-47232 1373125 2113776 1373125
-2515932 1373125 920376 1373125
-10665684 2640625 7075512 2640625
-10373184 2640625 1810512 2640625
-77992776 34328125 82284768 34328125
176256 203125 758592 203125
-183744 203125 37584 15625
-218844 203125 850392 203125
-196344 203125 445392 203125
-420444 203125 159192 203125
-37944 203125 24192 203125
-312732 203125 -127224 203125
974484 2640625 -4623912 2640625
-9913284 34328125 74262312 34328125
-13248 203125 648864 203125
-168372 105625 406296 105625
-309672 105625 249696 105625
-110772 105625 179496 105625
10368 8125 29376 8125
-4932 8125 34776 8125
-59112 105625 221616 105625
-379656 203125 472608 203125
-357156 203125 67608 203125
37944 203125 -24192 203125
-88128 105625 -109296 105625
110772 105625 -179496 105625
233856 105625 -8208 105625
16956 54925 18792 54925
8388 8125 10584 8125
-2772 4225 17496 4225
5184 4225 14688 4225
-7164 54925 21384 10985
-13248 54925 -2592 54925
-111996 54925 45144 54925
-13896 8125 19872 8125
-152244 105625 488808 105625
-163944 105625 278208 105625
-30204 8125 17928 8125
-612 325 1512 325
-108 65 1512 325
36 325 216 65
-15084 4225 14904 4225
-16704 105625 120528 105625
-233856 105625 -137808 105625
-31104 8125 1728 8125
504 8125 9072 8125
-72 845 1296 845
-15552 4225 -864 4225
-32004 8125 1944 625
-1188 325 216 65
-36 325 216 65
-3204 845 1512 845
-175644 105625 72792 105625
-2628 845 4968 4225
-1224 845 432 845
-18216 105625 14688 105625
-16128 10985 25488 54925
-86724 54925 -84024 54925
-185472 54925 -36288 54925
173196 105625 28728 105625
-43956 105625 -229608 105625
208152 105625 236736 105625
-7848 4225 4752 4225
-828 4225 1512 845
-21384 54925 109296 54925
-2740644 1373125 1212408 1373125
-2286216 1373125 3916512 1373125
-2438316 1373125 1178712 1373125
8568 8125 3024 8125
8064 8125 4752 8125
2556 845 5832 4225
2628 845 4968 4225
108 65 1512 325
612 325 1512 325
1188 325 216 65
30204 8125 1944 625
-10368 8125 29376 8125
4932 8125 34776 8125
-2304 8125 1728 8125
168984 105625 266112 105625
2124 10985 46008 10985
-88128 54925 182304 54925
143244 105625 510408 105625
15084 4225 14904 4225
15192 10985 7344 10985
-4716 1373125 2471688 1373125
-8532 4225 13176 4225
11556 105625 213192 105625
108 65 216 65
7596 4225 13176 4225
15804 8125 36072 8125
-612 325 216 65
-34956 105625 213192 105625
-25668 8125 23976 8125
-2772 4225 -648 4225
-828 4225 9288 4225
-108 325 648 325
-46656 105625 2592 105625
-396 8125 14472 8125
23256 105625 418608 105625
-20916 105625 174312 105625
-186876 54925 134568 54925
-3132 845 216 845
-7596 4225 13176 4225
-3204 845 1944 4225
120384 105625 17712 105625
-2412 4225 -1512 4225
-576 4225 -864 4225
-208152 105625 141264 105625
16128 10985 25488 54925
-96264 54925 70416 54925
7164 54925 21384 10985
-2927844 1373125 3982392 1373125
-4942116 1373125 84888 1373125
-6403284 2640625 11082312 2640625
-974484 2640625 4623912 2640625
-22581576 34328125 134373168 34328125
158796 105625 370872 105625
-28404 105625 230472 105625
152244 105625 488808 105625
-236556 105625 326808 105625
-233856 105625 278208 105625
-23256 105625 418608 105625
1751616 1373125 1184112 1373125
2286216 1373125 3916512 1373125
14976576 34328125 2516832 34328125
3615876 34328125 70119432 34328125
571356 203125 666792 203125
211356 203125 396792 203125
-25344 203125 5184 15625
357156 203125 -67608 203125
6336 15625 -16848 15625
10373184 2640625 -1810512 2640625
56858616 34328125 58748112 34328125
196344 203125 -445392 203125
-8064 8125 4752 8125
5436 8125 -648 8125
24768 105625 7776 105625
504 8125 -9072 8125
31104 8125 1728 8125
30204 8125 17928 8125
3852 105625 71064 105625
31608 8125 -7344 8125
228708 105625 -45144 105625
1944 625 9504 8125
147852 105625 179064 105625
-396 8125 17928 8125
208152 105625 141264 105625
196452 105625 -69336 105625
-23688 8125 5184 8125
-8388 8125 10584 8125
-115272 1373125 -2979504 1373125
-2018988 1373125 -1425816 1373125
240408 105625 -255744 105625
58212 105625 -205416 105625
-163944 105625 -137808 105625
46656 105625 2592 105625
213156 105625 94392 105625
34956 105625 213192 105625
-175644 105625 -67608 105625
2206044 1373125 -1519992 1373125
2740644 1373125 1212408 1373125
26337276 34328125 -65085768 34328125
2483244 2640625 4020408 2640625
-4655484 2640625 681912 2640625
-393084 2640625 4688712 2640625
-5073084 2640625 1178712 2640625
46812024 34328125 103258368 34328125
-14905476 34328125 73423368 34328125
-72938376 34328125 36935568 34328125
28404 15625 39528 15625
30528 105625 336096 105625
88128 105625 109296 105625
25668 8125 23976 8125
139788 105625 151416 105625
2844 203125 337608 203125
25344 203125 -5184 15625
420444 203125 -159192 203125
309672 105625 -249696 105625
432756 105625 -78408 105625
120384 54925 -17712 54925
23688 8125 5184 8125
2628 845 2376 845
96264 54925 70416 54925
18036 10985 -39096 54925
-8568 54925 1728 10985
-504 8125 -9072 8125
31104 8125 -1728 8125
15552 4225 864 4225
72 845 -1296 845
1188 325 216 325
3204 845 1944 4225
32004 8125 14472 8125
36 325 216 325
175644 105625 -67608 105625
15084 4225 9288 4225
612 325 216 65
-36 325 216 325
7848 4225 4752 4225
152244 105625 348408 105625
163944 105625 137808 105625
30204 8125 7128 8125
32256 105625 -159408 105625
233856 105625 -278208 105625
-233856 203125 8208 203125
-211356 203125 -396792 203125
183744 203125 -37584 15625
4932 8125 -2376 8125
13896 8125 19872 8125
-208152 105625 96336 105625
396 8125 14472 8125
-173196 105625 -111672 105625
28404 105625 -230472 105625
44712 15625 218592 203125
5654484 2640625 -1113912 2640625
4780584 2640625 4086288 2640625
5073084 2640625 -1178712 2640625
-30528 105625 -336096 105625
168372 105625 -406296 105625
291456 105625 -235008 105625
46908 54925 -99144 54925
2412 4225 -1512 4225
1944 4225 -9936 4225
2772 4225 -648 4225
-159552 105625 31536 105625
-147852 105625 -179064 105625
168984 105625 155088 105625
-36468 105625 202824 105625
-24768 105625 -7776 105625
-46908 54925 99144 54925
-120384 54925 17712 54925
-16956 54925 -18792 54925
-2206044 1373125 -1519992 1373125
-1751616 1373125 1184112 1373125
-1903716 1373125 -1553688 1373125
115272 1373125 -2979504 1373125
-15192 10985 7344 10985
21384 54925 -109296 54925
-6336 15625 -16848 15625
312732 203125 -127224 203125
173196 105625 -111672 105625
-32256 105625 -159408 105625
4942116 1373125 84888 1373125
4790016 1373125 -2652912 1373125
72938376 34328125 36935568 34328125
208152 105625 96336 105625
236556 105625 326808 105625
224856 105625 116208 105625
-3852 105625 71064 105625
8532 4225 13176 4225
3204 845 1512 845
15084 4225 1944 4225
3132 845 216 845
15192 4225 -7344 4225
-72 845 -1296 845
15552 4225 -864 4225
186876 54925 134568 54925
180792 54925 25056 54925
88128 54925 182304 54925
185472 54925 36288 54925
8568 54925 -1728 10985
111996 54925 -45144 54925
14905476 34328125 73423368 34328125
2515932 1373125 920376 1373125
-307044 1373125 -2437992 1373125
233856 203125 8208 203125
221256 203125 51408 203125
-2844 203125 337608 203125
379656 203125 472608 203125
6403284 2640625 11082312 2640625
10665684 2640625 7075512 2640625
-176256 203125 758592 203125
218844 203125 850392 203125
36468 105625 202824 105625
17604 8125 36072 8125
32004 8125 1944 625
32508 8125 23544 8125
26172 8125 6696 8125
159552 105625 31536 105625
2304 8125 -1728 8125
208152 105625 279936 105625
-143244 105625 510408 105625
43956 105625 229608 105625
252108 105625 466344 105625
-152244 105625 348408 105625
233856 105625 137808 105625
2927844 1373125 3982392 1373125
307044 1373125 2437992 1373125
22581576 34328125 134373168 34328125
2775744 2640625 1244592 2640625
-4780584 2640625 4086288 2640625
-14976576 34328125 2516832 34328125
-3615876 34328125 70119432 34328125
-571356 203125 666792 203125
-168984 105625 155088 105625
-30204 8125 7128 8125
-158796 105625 370872 105625
393084 2640625 4688712 2640625
-4932 8125 -2376 8125
-5436 8125 -648 8125
1152 845 3024 4225
1224 845 432 845
-15084 4225 1944 4225
-108 65 216 65
-1188 325 216 325
-2628 845 2376 845
-5184 4225 14688 4225
576 4225 864 4225
-11556 105625 213192 105625
25668 8125 648 625
396 8125 17928 8125
2772 4225 17496 4225
108 325 648 325
828 4225 1512 845
-2556 845 5832 4225
-1152 845 3024 4225
-9216 105625 36288 105625
-180792 54925 -25056 54925
27252 105625 350136 105625
-15084 4225 9288 4225
-15192 4225 7344 4225
-213156 105625 94392 105625
-15552 4225 864 4225
72 845 1296 845
132084 105625 192888 105625
-1944 4225 9936 4225
828 4225 9288 4225
-208152 105625 279936 105625
-196452 105625 69336 105625
-2124 10985 46008 10985
86724 54925 84024 54925
-18036 10985 39096 54925
13248 54925 2592 54925
-46812024 34328125 103258368 34328125
47232 1373125 2113776 1373125
-4790016 1373125 2652912 1373125
1901844 2640625 -3955608 2640625
-5654484 2640625 -1113912 2640625
-26337276 34328125 -65085768 34328125
7138728 2640625 -3338496 2640625
4655484 2640625 681912 2640625
-139788 105625 151416 105625
59112 105625 221616 105625
163944 105625 -278208 105625
-224856 105625 -116208 105625
-58212 105625 -205416 105625
-228708 105625 -45144 105625
175644 105625 72792 105625
1903716 1373125 1553688 1373125
2018988 1373125 -1425816 1373125
4716 1373125 2471688 1373125
2438316 1373125 -1178712 1373125
-56858616 34328125 58748112 34328125
9913284 34328125 74262312 34328125
77992776 34328125 82284768 34328125
-596268 390625 1060776 390625
2126016 5078125 16085088 5078125
7094916 5078125 7245288 5078125
-1267776 2640625 2765232 2640625
-132552 203125 184464 203125
-145152 203125 227664 203125
-4037076 2640625 -1722168 2640625
-7569576 2640625 2192832 2640625
-2597076 2640625 3947832 2640625
-976356 203125 126792 203125
-6846228 2640625 8603496 2640625
-7138728 2640625 3338496 2640625
-817956 203125 547992 203125
-435456 203125 682992 203125
-221256 203125 -51408 203125
-1609344 2640625 9220608 2640625
-1901844 2640625 3955608 2640625
2653056 2640625 5213808 2640625
-2775744 2640625 -1244592 2640625
-7094916 5078125 -7245288 5078125
-10612224 66015625 -20855232 66015625
-141534324 66015625 -36283032 66015625
-13126824 66015625 -6448032 66015625
-632448 203125 -454464 203125
-645048 203125 -411264 203125
-869148 203125 -125064 203125
-486648 203125 9936 203125
-64908 15625 -57672 203125
-448704 203125 34128 203125
-7812 8125 -11016 8125
-92556 105625 -164808 105625
-2616228 1373125 -576504 1373125
-511884 105625 9288 105625
-40068 8125 2376 8125
-25668 8125 -648 625
-463284 105625 257688 105625
-264384 105625 327888 105625
-120384 105625 -17712 105625
-8568 8125 -3024 8125
-34236 8125 20952 8125
-18936 8125 26352 8125
-26172 8125 -6696 8125
-211212 105625 280584 105625
-12312 105625 350784 105625
-1176192 1373125 1756944 1373125
20916 105625 -174312 105625
-168984 105625 -266112 105625
-1931292 1373125 2291544 1373125
-4399992 1373125 1098144 1373125
-2304 8125 -9072 8125
-15552 105625 -139536 105625
-27252 105625 -350136 105625
-32004 8125 -1944 625
-17604 8125 -36072 8125
-15804 8125 -36072 8125
-32004 8125 -14472 8125
-395352 105625 44064 105625
-208152 105625 -236736 105625
-252108 105625 -466344 105625
-40572 8125 4104 8125
-32508 8125 -23544 8125
-263052 105625 -274536 105625
-30204 8125 -1944 625
-214452 105625 -26136 105625
-15552 105625 44064 105625
-395352 105625 -139536 105625
-360396 105625 252072 105625
-173196 105625 -28728 105625
-369396 105625 90072 105625
16704 105625 -120528 105625
-193896 105625 160272 105625
104868 1373125 624024 1373125
-47232 1373125 -2113776 1373125
-2515932 1373125 -920376 1373125
-47992824 34328125 50413968 34328125
-2653056 2640625 -5213808 2640625
-10665684 2640625 -7075512 2640625
-10209384 2640625 -2372112 2640625
-85550976 34328125 -81442368 34328125
-74190276 34328125 -13839768 34328125
-77992776 34328125 -82284768 34328125
-2126016 5078125 -16085088 5078125
53983476 66015625 -135772632 66015625
-76938624 66015625 -151200432 66015625
51468876 66015625 -121365432 66015625
-170496 203125 160272 203125
16308 15625 295272 203125
448704 203125 -34128 203125
176256 203125 -758592 203125
-218844 203125 -850392 203125
-1933272 2640625 -5984496 2640625
-312732 203125 127224 203125
264384 2640625 -1137888 2640625
-4871916 2640625 -2331288 2640625
-17471484 34328125 -73419912 34328125
-6110784 34328125 -5817312 34328125
-9913284 34328125 -74262312 34328125
-179876376 66015625 91530432 66015625
-51468876 66015625 121365432 66015625
13126824 66015625 6448032 66015625
-1681039764 858203125 -198092952 858203125
-395748 203125 -783864 203125
-408348 203125 -740664 203125
-607104 203125 -387072 203125
-16308 15625 -295272 203125
1656 8125 -24192 8125
12312 105625 -350784 105625
-1016136 1373125 -2803248 1373125
10368 8125 -29376 8125
18936 8125 -26352 8125
65484 105625 -398088 105625
-4932 8125 -34776 8125
114084 105625 -149688 105625
-21636 8125 -22248 8125
-47412 105625 -11016 105625
-59112 105625 -221616 105625
435456 203125 -682992 203125
3177684 2640625 -4858488 2640625
486648 203125 -9936 203125
-379656 203125 -472608 203125
-344556 203125 -110808 203125
593856 2640625 -261792 2640625
53172 105625 -47304 105625
34956 105625 -61992 105625
28404 105625 -39528 105625
2597076 2640625 -3947832 2640625
6732 10985 101736 54925
-65088 54925 2160 2197
115704 54925 28944 54925
-11304 10985 12528 10985
576 625 432 625
8388 8125 -10584 8125
52092 54925 -190728 54925
-601416 1373125 -3214512 1373125
-396 169 -12744 4225
-2052 845 -2376 845
-2772 4225 -17496 4225
264384 105625 -327888 105625
3348 4225 -15336 4225
5184 4225 -14688 4225
-64152 105625 -204336 105625
-15372 10985 -43416 10985
-150336 54925 -135648 54925
-2652516 1373125 -1394712 1373125
-7164 54925 -21384 10985
-13896 8125 -19872 8125
-353844 105625 -370008 105625
-152244 105625 -488808 105625
-30204 8125 -17928 8125
-1152 325 0 1
-1188 325 -216 65
-612 325 -1512 325
-108 65 -1512 325
36 325 -216 65
-21204 4225 -216 4225
-15084 4225 -14904 4225
-120132 54925 -157032 54925
-4907016 1373125 -2372112 1373125
-16704 105625 -120528 105625
-264384 1373125 546912 1373125
-2733084 1373125 -646488 1373125
-8316 4225 -1944 4225
-36 325 -216 65
-684 325 -216 325
-3204 845 -1512 845
-14796 8125 -7128 8125
-175644 105625 -72792 105625
-229428 105625 265896 105625
92556 105625 164808 105625
-2628 845 -4968 4225
-6012 4225 7128 4225
-1224 845 -432 845
-346752 105625 108864 105625
-217116 105625 -84888 105625
-223668 105625 -62424 105625
-223812 54925 -54216 54925
-4489416 1373125 641088 1373125
-16128 10985 -25488 54925
173196 105625 -28728 105625
2204316 1373125 1740312 1373125
208152 105625 -236736 105625
25956 105625 -186408 105625
-7848 4225 -4752 4225
7236 4225 4536 4225
-828 4225 -1512 845
77364 54925 -12312 10985
-18972 10985 -27864 54925
-2892744 1373125 1525392 1373125
-2740644 1373125 -1212408 1373125
-2286216 1373125 -3916512 1373125
22968 8125 7776 8125
8568 8125 -3024 8125
7164 8125 11448 8125
8064 8125 -4752 8125
2556 845 -5832 4225
2628 845 -4968 4225
108 65 -1512 325
612 325 -1512 325
1188 325 -216 65
1152 325 0 1
-576 4225 -1296 845
30204 8125 -1944 625
210456 105625 -278208 105625
-10368 8125 -29376 8125
4932 8125 -34776 8125
5004 105625 -230472 105625
1368 4225 -9072 4225
168984 105625 -266112 105625
2124 10985 -46008 10985
-88128 54925 -182304 54925
360396 105625 -252072 105625
143244 105625 -510408 105625
395352 105625 -44064 105625
15084 4225 -14904 4225
1332 845 -3672 4225
15192 10985 -7344 10985
-4716 1373125 -2471688 1373125
-108 325 -648 325
-8532 4225 -13176 4225
-396 8125 -17928 8125
11556 105625 -213192 105625
108 65 -216 65
7596 4225 -13176 4225
15804 8125 -36072 8125
23256 105625 -418608 105625
-612 325 -216 65
-46656 105625 -2592 105625
-34956 105625 -213192 105625
-25668 8125 -23976 8125
-193896 105625 -160272 105625
-2772 4225 648 4225
-684 325 216 325
-828 4225 -9288 4225
1332 845 3672 4225
-58356 105625 208008 105625
14004 8125 -3672 8125
-396 8125 -14472 8125
-178344 105625 -299808 105625
-6228 4225 -216 169
-20916 105625 -174312 105625
-186876 54925 -134568 54925
15552 105625 139536 105625
-3132 845 -216 845
-7596 4225 -13176 4225
-3204 845 -1944 4225
120384 105625 -17712 105625
-2412 4225 1512 4225
-219852 105625 69336 105625
-208152 105625 -141264 105625
16128 10985 -25488 54925
-96264 54925 -70416 54925
7164 54925 -21384 10985
-50614524 34328125 34813368 34328125
-104868 1373125 -624024 1373125
-2927844 1373125 -3982392 1373125
-4942116 1373125 -84888 1373125
1609344 2640625 -9220608 2640625
-6403284 2640625 -11082312 2640625
-5946984 2640625 -6378912 2640625
-30139776 34328125 -133530768 34328125
-22581576 34328125 -134373168 34328125
6846228 2640625 -8603496 2640625
4362984 2640625 -4583088 2640625
-151488 105625 -59184 105625
47412 105625 11016 105625
158796 105625 -370872 105625
152244 105625 -488808 105625
-58356 105625 -208008 105625
-236556 105625 -326808 105625
-69912 105625 -416016 105625
-23256 105625 -418608 105625
1751616 1373125 -1184112 1373125
1866888 1373125 -4163616 1373125
2286216 1373125 -3916512 1373125
-60661116 34328125 -9696888 34328125
6110784 34328125 5817312 34328125
14976576 34328125 -2516832 34328125
74190276 34328125 13839768 34328125
3615876 34328125 -70119432 34328125
596268 390625 -1060776 390625
182390976 66015625 -105937632 66015625
179876376 66015625 -91530432 66015625
224604 203125 252072 203125
607104 203125 387072 203125
64908 15625 57672 203125
571356 203125 -666792 203125
3203028 2640625 -4791096 2640625
6336 15625 16848 15625
5400684 2640625 55512 2640625
49300416 34328125 -57905712 34328125
60661116 34328125 9696888 34328125
56858616 34328125 -58748112 34328125
76938624 66015625 151200432 66015625
141534324 66015625 36283032 66015625
-11742264 858203125 189762048 858203125
25848 203125 605664 203125
408348 203125 740664 203125
645048 203125 411264 203125
-186156 203125 310392 203125
145152 203125 -227664 203125
-86004 105625 -187272 105625
-227304 105625 -30672 105625
-28404 105625 39528 105625
-8064 8125 -4752 8125
73368 105625 240624 105625
5436 8125 648 8125
214668 105625 84024 105625
223668 105625 62424 105625
395352 105625 139536 105625
15552 105625 -44064 105625
30204 8125 -17928 8125
14004 8125 3672 8125
3852 105625 -71064 105625
16308 8125 1944 8125
228708 105625 45144 105625
9972 8125 -14904 8125
337752 105625 -87264 105625
346752 105625 -108864 105625
-183348 105625 -114264 105625
-134748 105625 134136 105625
64152 105625 204336 105625
208152 105625 -141264 105625
-23688 8125 -5184 8125
-8388 8125 -10584 8125
-178344 105625 299808 105625
20556 105625 229608 105625
-115272 1373125 2979504 1373125
-1866888 1373125 4163616 1373125
-2018988 1373125 1425816 1373125
41508 105625 185544 105625
69912 105625 416016 105625
58212 105625 205416 105625
46656 105625 -2592 105625
210456 105625 137808 105625
213156 105625 -94392 105625
34956 105625 -213192 105625
-175644 105625 67608 105625
2206044 1373125 1519992 1373125
2740644 1373125 -1212408 1373125
-49300416 34328125 57905712 34328125
17471484 34328125 73419912 34328125
30139776 34328125 133530768 34328125
26337276 34328125 65085768 34328125
85550976 34328125 81442368 34328125
-182390976 66015625 105937632 66015625
-53983476 66015625 135772632 66015625
10612224 66015625 20855232 66015625
-1713729564 858203125 -10799352 858203125
-2489256 2640625 -5775408 2640625
-5566356 2640625 -1493208 2640625
-593856 2640625 261792 2640625
-4362984 2640625 4583088 2640625
-4655484 2640625 -681912 2640625
-8150184 2640625 3103488 2640625
-3177684 2640625 4858488 2640625
-393084 2640625 -4688712 2640625
50614524 34328125 -34813368 34328125
46812024 34328125 -103258368 34328125
-14905476 34328125 -73423368 34328125
47992824 34328125 -50413968 34328125
-72938376 34328125 -36935568 34328125
1713729564 858203125 10799352 858203125
11742264 858203125 -189762048 858203125
1681039764 858203125 198092952 858203125
-25848 203125 -605664 203125
132552 203125 -184464 203125
-224604 203125 -252072 203125
170496 203125 -160272 203125
16956 8125 -18792 8125
229428 105625 -265896 105625
211212 105625 -280584 105625
1569564 1373125 -1890648 1373125
40068 8125 -2376 8125
25668 8125 -23976 8125
40572 8125 -4104 8125
34236 8125 -20952 8125
312984 105625 -79488 105625
151488 105625 59184 105625
139788 105625 -151416 105625
817956 203125 -547992 203125
8150184 2640625 -3103488 2640625
632448 203125 454464 203125
869148 203125 125064 203125
2844 203125 -337608 203125
5566356 2640625 1493208 2640625
252072 105625 22896 105625
227304 105625 30672 105625
7569576 2640625 -2192832 2640625
137088 54925 27648 10985
7668 10985 90504 54925
219132 54925 65448 54925
223812 54925 54216 54925
150336 54925 135648 54925
22788 8125 11016 8125
23688 8125 -5184 8125
21204 4225 216 4225
31104 10985 -154224 54925
1984284 1373125 -2301912 1373125
463284 105625 -257688 105625
11304 4225 -12528 4225
2628 845 -2376 845
134748 105625 -134136 105625
26568 54925 -180576 54925
11304 10985 -12528 10985
-66816 1373125 -482112 1373125
96264 54925 -70416 54925
18972 10985 27864 54925
1188 325 -216 325
14796 8125 7128 8125
2052 845 2376 845
3204 845 -1944 4225
32004 8125 -14472 8125
36 325 -216 325
684 325 216 325
8316 4225 1944 4225
175644 105625 67608 105625
15084 4225 -9288 4225
612 325 -216 65
-36 325 -216 325
7848 4225 -4752 4225
369396 105625 -90072 105625
152244 105625 -348408 105625
976356 203125 -126792 203125
10209384 2640625 2372112 2640625
21636 8125 22248 8125
30204 8125 -7128 8125
32256 105625 159408 105625
-264384 2640625 1137888 2640625
4871916 2640625 2331288 2640625
395748 203125 783864 203125
-233856 203125 -8208 203125
2489256 2640625 5775408 2640625
-34956 105625 61992 105625
66816 105625 263088 105625
4932 8125 2376 8125
-9972 8125 14904 8125
208116 105625 106488 105625
217116 105625 84888 105625
13896 8125 -19872 8125
-208152 105625 -96336 105625
-41508 105625 -185544 105625
-16308 8125 -1944 8125
396 8125 -14472 8125
-173196 105625 111672 105625
-5400684 2640625 -55512 2640625
186156 203125 -310392 203125
344556 203125 110808 203125
5946984 2640625 6378912 2640625
5654484 2640625 1113912 2640625
4780584 2640625 -4086288 2640625
86004 105625 187272 105625
4037076 2640625 1722168 2640625
63612 54925 219672 54925
-35136 54925 171936 54925
145656 54925 29376 10985
-26568 54925 180576 54925
15372 10985 43416 10985
-11304 4225 12528 4225
-3348 4225 15336 4225
2412 4225 1512 4225
2772 4225 648 4225
263052 105625 274536 105625
-65484 105625 398088 105625
-159552 105625 -31536 105625
1267776 2640625 -2765232 2640625
-252072 105625 -22896 105625
-53172 105625 47304 105625
168984 105625 -155088 105625
-36468 105625 -202824 105625
-3203028 2640625 4791096 2640625
1933272 2640625 5984496 2640625
10368 10985 -51408 54925
1176192 1373125 -1756944 1373125
-1569564 1373125 1890648 1373125
1016136 1373125 2803248 1373125
2616228 1373125 576504 1373125
-246132 714025 218376 714025
-1529856 714025 -402192 714025
-463284 714025 -1348488 714025
-2358144 1373125 4257792 1373125
-2206044 1373125 1519992 1373125
-4372416 1373125 360288 1373125
-1751616 1373125 -1184112 1373125
-36828 1373125 5717304 1373125
115272 1373125 2979504 1373125
120132 54925 157032 54925
-31104 10985 154224 54925
-52092 54925 190728 54925
-15192 10985 -7344 10985
463284 714025 1348488 714025
4372416 17850625 -360288 17850625
34549524 17850625 18613368 17850625
2456424 17850625 3099168 17850625
-104868 203125 624024 203125
-6336 15625 16848 15625
312732 203125 127224 203125
42938424 34328125 95763168 34328125
360396 105625 252072 105625
173196 105625 111672 105625
353844 105625 370008 105625
-32256 105625 159408 105625
178344 105625 299808 105625
4372416 1373125 -360288 1373125
4942116 1373125 -84888 1373125
4907016 1373125 2372112 1373125
80496576 34328125 -36093168 34328125
69135876 34328125 31509432 34328125
72938376 34328125 -36935568 34328125
395352 105625 44064 105625
208152 105625 -96336 105625
236556 105625 -326808 105625
-15552 105625 139536 105625
-3852 105625 -71064 105625
576 4225 1296 845
8532 4225 -13176 4225
3204 845 -1512 845
511884 105625 -9288 105625
15084 4225 -1944 4225
183348 105625 114264 105625
396 169 12744 4225
3132 845 -216 845
35136 54925 -171936 54925
-7668 10985 -90504 54925
65088 54925 -2160 2197
186876 54925 -134568 54925
88128 54925 -182304 54925
4399992 1373125 -1098144 1373125
1529856 714025 402192 714025
31036716 17850625 -24017688 17850625
61213824 17850625 -5044032 17850625
29120724 17850625 -20558232 17850625
22463676 34328125 -72580968 34328125
11102976 34328125 -4978368 34328125
14905476 34328125 -73423368 34328125
2515932 1373125 -920376 1373125
264384 1373125 -546912 1373125
2733084 1373125 646488 1373125
2972376 17850625 36072432 17850625
-29120724 17850625 20558232 17850625
-2456424 17850625 -3099168 17850625
745142436 446265625 468503352 446265625
233856 203125 -8208 203125
221256 203125 -51408 203125
-2844 203125 -337608 203125
379656 203125 -472608 203125
104868 203125 -624024 203125
6403284 2640625 -11082312 2640625
10665684 2640625 -7075512 2640625
60661116 34328125 -9696888 34328125
-176256 203125 -758592 203125
218844 203125 -850392 203125
-7164 8125 -11448 8125
36468 105625 -202824 105625
17604 8125 -36072 8125
32004 8125 -1944 625
15552 105625 -139536 105625
32508 8125 -23544 8125
26172 8125 -6696 8125
159552 105625 -31536 105625
219852 105625 -69336 105625
208152 105625 -279936 105625
-22788 8125 -11016 8125
-576 625 -432 625
-143244 105625 -510408 105625
36828 1373125 -5717304 1373125
-1866888 1373125 -4163616 1373125
252108 105625 -466344 105625
69912 105625 -416016 105625
-152244 105625 -348408 105625
58356 105625 -208008 105625
2358144 1373125 -4257792 1373125
2927844 1373125 -3982392 1373125
2892744 1373125 -1525392 1373125
30139776 34328125 -133530768 34328125
22581576 34328125 -134373168 34328125
2775744 2640625 -1244592 2640625
-4362984 2640625 -4583088 2640625
-4780584 2640625 -4086288 2640625
50614524 34328125 34813368 34328125
-11102976 34328125 4978368 34328125
-14976576 34328125 -2516832 34328125
-69135876 34328125 -31509432 34328125
-3615876 34328125 -70119432 34328125
-571356 203125 -666792 203125
-22968 8125 -7776 8125
-168984 105625 -155088 105625
-395352 105625 -44064 105625
-30204 8125 -7128 8125
-14004 8125 3672 8125
-360396 105625 -252072 105625
-158796 105625 -370872 105625
393084 2640625 -4688712 2640625
-4932 8125 2376 8125
-5436 8125 648 8125
6228 4225 216 169
1152 845 -3024 4225
-1368 4225 9072 4225
1224 845 -432 845
2304 8125 9072 8125
-15084 4225 -1944 4225
-210456 105625 -137808 105625
-108 65 -216 65
-1188 325 -216 325
-2628 845 -2376 845
-5184 4225 -14688 4225
-20556 105625 -229608 105625
108 325 -648 325
828 4225 -9288 4225
-11556 105625 -213192 105625
25668 8125 -648 625
684 325 -216 325
396 8125 -17928 8125
2772 4225 -17496 4225
178344 105625 -299808 105625
58356 105625 208008 105625
-14004 8125 -3672 8125
-1332 845 3672 4225
828 4225 -1512 845
193896 105625 -160272 105625
-16956 8125 18792 8125
-1656 8125 24192 8125
7812 8125 11016 8125
-10368 10985 51408 54925
-2556 845 -5832 4225
-1152 845 -3024 4225
-337752 105625 87264 105625
-208116 105625 -106488 105625
-214668 105625 -84024 105625
-145656 54925 -29376 10985
-219132 54925 -65448 54925
-115704 54925 -28944 54925
-77364 54925 12312 10985
27252 105625 -350136 105625
-15084 4225 -9288 4225
-1332 845 -3672 4225
-7236 4225 -4536 4225
-213156 105625 -94392 105625
-66816 105625 -263088 105625
-73368 105625 -240624 105625
6012 4225 -7128 4225
214452 105625 26136 105625
-312984 105625 79488 105625
-114084 105625 149688 105625
-208152 105625 -279936 105625
-63612 54925 -219672 54925
-137088 54925 -27648 10985
-6732 10985 -101736 54925
-2124 10985 -46008 10985
1931292 1373125 -2291544 1373125
246132 714025 -218376 714025
-1056384 17850625 -39531888 17850625
-2972376 17850625 -36072432 17850625
-39253824 34328125 -102415968 34328125
-50614524 34328125 -34813368 34328125
-46812024 34328125 -103258368 34328125
47232 1373125 -2113776 1373125
-2204316 1373125 -1740312 1373125
-61213824 17850625 5044032 17850625
-34549524 17850625 -18613368 17850625
-57185064 446265625 80648352 446265625
1901844 2640625 3955608 2640625
-5654484 2640625 1113912 2640625
39253824 34328125 102415968 34328125
-22463676 34328125 72580968 34328125
-30139776 34328125 133530768 34328125
-26337276 34328125 65085768 34328125
-80496576 34328125 36093168 34328125
7138728 2640625 3338496 2640625
4362984 2640625 4583088 2640625
4655484 2640625 -681912 2640625
-139788 105625 -151416 105625
59112 105625 -221616 105625
193896 105625 160272 105625
-5004 105625 230472 105625
-25956 105625 186408 105625
-69912 105625 416016 105625
-58212 105625 205416 105625
-228708 105625 45144 105625
-210456 105625 278208 105625
175644 105625 -72792 105625
4489416 1373125 -641088 1373125
66816 1373125 482112 1373125
2652516 1373125 1394712 1373125
1866888 1373125 4163616 1373125
2018988 1373125 1425816 1373125
-1984284 1373125 2301912 1373125
601416 1373125 3214512 1373125
4716 1373125 -2471688 1373125
1056384 17850625 39531888 17850625
-31036716 17850625 24017688 17850625
-4372416 17850625 360288 17850625
697242636 446265625 554989752 446265625
-60661116 34328125 9696888 34328125
-56858616 34328125 -58748112 34328125
9913284 34328125 -74262312 34328125
-42938424 34328125 -95763168 34328125
77992776 34328125 -82284768 34328125
-697242636 446265625 -554989752 446265625
57185064 446265625 -80648352 446265625
-745142436 446265625 -468503352 446265625
