-445630500 153692149 316726200 153692149
-355840254 153692149 -28801710 153692149
-441000 288353 926100 288353
441000 288353 926100 288353
-305965800 155998973 58899960 155998973
355840254 153692149 28801710 153692149
84861721728 83147452609 47299075740 83147452609
441000 288353 370440 288353
305965800 155998973 58899960 155998973
214827858 155998973 -291814110 155998973
445630500 153692149 316726200 153692149
-441000 288353 370440 288353
-214827858 155998973 291814110 155998973
-84861721728 83147452609 47299075740 83147452609
-526774500 153692149 146323800 153692149
-201931254 153692149 294407190 153692149
-445630500 153692149 -316726200 153692149
201931254 153692149 -294407190 153692149
-5203800 155998973 -311540040 155998973
-441000 288353 -926100 288353
-114891084 155998973 141508080 155998973
441000 288353 -926100 288353
-336924 288353 0 1
-305965800 155998973 -58899960 155998973
-133438244814 83147452609 -139631523570 83147452609
30997008 153692149 -176885100 153692149
133438244814 83147452609 139631523570 83147452609
84861721728 83147452609 -47299075740 83147452609
526774500 153692149 -146323800 153692149
324515142 155998973 -161234010 155998973
441000 288353 -370440 288353
-30997008 153692149 176885100 153692149
-324515142 155998973 161234010 155998973
5203800 155998973 311540040 155998973
305965800 155998973 -58899960 155998973
445630500 153692149 -316726200 153692149
133438244814 83147452609 -139631523570 83147452609
-441000 288353 -370440 288353
336924 288353 0 1
114891084 155998973 -141508080 155998973
-133438244814 83147452609 139631523570 83147452609
-84861721728 83147452609 -47299075740 83147452609
