-24768 8125 -7776 8125
-9468 8125 -13176 8125
-182196 105625 50328 105625
9468 8125 13176 8125
-2304 4225 9072 4225
-648 325 864 325
108 4225 1512 845
-72 845 -864 4225
7128 4225 12096 4225
-72 325 1296 325
0 1 1296 325
-648 325 432 325
-108 4225 1512 845
-46656 105625 418608 105625
14904 8125 12528 8125
504 8125 1728 8125
-166644 105625 -89208 105625
24768 8125 7776 8125
5652 4225 6264 4225
648 325 432 325
-108 625 14472 8125
-504 8125 -1728 8125
-5652 4225 -6264 4225
2304 4225 -9072 4225
166644 105625 -89208 105625
108 625 14472 8125
46656 105625 418608 105625
-14904 8125 12528 8125
72 325 1296 325
648 325 864 325
-7128 4225 12096 4225
72 845 864 4225
182196 105625 50328 105625
-593856 203125 261792 203125
-198756 203125 353592 203125
-180684 105625 -55512 105625
-31104 8125 -9072 8125
-170496 105625 160272 105625
-182196 105625 -50328 105625
198756 203125 -353592 203125
100584 2640625 -576288 2640625
-5832 8125 -18576 8125
-6336 8125 -1296 625
5292 4225 -216 169
-15552 4225 -1296 845
-1224 325 -432 325
-648 325 -864 325
-13608 4225 3456 4225
108 4225 -1512 845
108 65 -216 325
7128 4225 -12096 4225
-72 325 -1296 325
0 1 -1296 325
-648 325 -432 325
-108 4225 -1512 845
170496 105625 -160272 105625
-46656 105625 -418608 105625
593856 203125 -261792 203125
5236884 2640625 617112 2640625
-8964 8125 11448 8125
6336 8125 1296 625
14904 8125 -12528 8125
-166644 105625 89208 105625
-5236884 2640625 -617112 2640625
-100584 2640625 576288 2640625
8964 8125 -11448 8125
13248 4225 -2592 4225
13608 4225 -3456 4225
1224 325 432 325
648 325 -432 325
31104 8125 9072 8125
5832 8125 18576 8125
-108 625 -14472 8125
180684 105625 55512 105625
16704 54925 120528 54925
-82044 54925 72792 54925
154944 105625 299808 105625
166644 105625 89208 105625
15552 4225 1296 845
82044 54925 -72792 54925
147384 1373125 -266112 1373125
108 625 -14472 8125
-154944 105625 -299808 105625
46656 105625 -418608 105625
-14904 8125 -12528 8125
-108 65 216 325
72 325 -1296 325
648 325 -864 325
-13248 4225 2592 4225
-5292 4225 216 169
-7128 4225 -12096 4225
-16704 54925 -120528 54925
-2321316 1373125 -1459512 1373125
182196 105625 -50328 105625
2321316 1373125 1459512 1373125
-147384 1373125 266112 1373125
