-47412 15625 11016 15625
-593856 203125 -261792 203125
-198756 203125 -353592 203125
-1836 625 648 625
-10368 8125 3024 8125
-180684 105625 55512 105625
-108 625 1944 625
-407052 105625 166536 105625
-31104 8125 9072 8125
-14904 8125 19872 8125
-372096 105625 -41472 105625
-170496 105625 -160272 105625
198756 203125 353592 203125
681984 2640625 641088 2640625
-191916 2640625 5841288 2640625
100584 2640625 576288 2640625
8568 8125 29376 8125
-5832 8125 18576 8125
-7236 8125 33048 8125
-6336 8125 1296 625
1152 845 13824 4225
5292 4225 216 169
-1836 4225 17496 4225
108 625 1944 625
-1188 325 648 325
-15552 4225 1296 845
-222156 105625 72792 105625
-1224 325 0 1
0 1 432 325
-1224 325 432 325
-13608 4225 -3456 4225
-32256 105625 -19008 105625
1836 625 648 625
5184 4225 432 845
108 65 216 325
-108 625 17928 8125
-1224 845 14688 4225
1836 4225 17496 4225
-16704 8125 12528 8125
14904 8125 19872 8125
-13716 4225 11016 4225
-1152 845 13824 4225
-22788 54925 -11016 54925
-2473416 1373125 1278288 1373125
170496 105625 160272 105625
2169216 1373125 4197312 1373125
-299484 1373125 3003912 1373125
593856 203125 261792 203125
5818284 2640625 -552312 2640625
4944384 2640625 4647888 2640625
5236884 2640625 -617112 2640625
-8964 8125 -11448 8125
6336 8125 -1296 625
16704 8125 12528 8125
108 625 17928 8125
32256 105625 -19008 105625
222156 105625 72792 105625
2623644 1373125 1493208 1373125
154944 1373125 299808 1373125
-5529384 2640625 5882112 2640625
-5236884 2640625 617112 2640625
-100584 2640625 -576288 2640625
-11220876 34328125 66770568 34328125
1836 625 23976 8125
8064 8125 27648 8125
8964 8125 11448 8125
13716 4225 11016 4225
13248 4225 2592 4225
1224 845 14688 4225
13608 4225 3456 4225
0 1 -432 325
1224 325 0 1
1224 325 -432 325
1188 325 648 325
-108 4225 1944 4225
31104 8125 -9072 8125
222156 105625 -67608 105625
5832 8125 -18576 8125
16704 105625 -19872 105625
-5184 4225 432 845
1836 4225 -648 4225
180684 105625 -55512 105625
22788 54925 -11016 54925
16704 54925 -120528 54925
-82044 54925 -72792 54925
372096 105625 -41472 105625
154944 105625 -299808 105625
407052 105625 166536 105625
108 4225 1944 4225
15552 4225 -1296 845
7128 4225 4752 4225
82044 54925 72792 54925
-154944 1373125 299808 1373125
299484 1373125 3003912 1373125
147384 1373125 266112 1373125
47412 15625 11016 15625
5529384 2640625 5882112 2640625
-8064 8125 27648 8125
7236 8125 33048 8125
-154944 105625 299808 105625
-4944384 2640625 4647888 2640625
191916 2640625 5841288 2640625
-1836 625 23976 8125
-8568 8125 29376 8125
10368 8125 3024 8125
-1836 4225 -648 4225
-108 65 -216 325
108 4225 9288 4225
8064 4225 12096 4225
-7128 4225 4752 4225
-13248 4225 -2592 4225
-5292 4225 -216 169
-8064 4225 12096 4225
-108 4225 9288 4225
-16704 54925 120528 54925
-2623644 1373125 1493208 1373125
-2169216 1373125 4197312 1373125
-2321316 1373125 1459512 1373125
-5818284 2640625 -552312 2640625
-681984 2640625 641088 2640625
-16704 105625 -19872 105625
-222156 105625 -67608 105625
2473416 1373125 1278288 1373125
2321316 1373125 -1459512 1373125
-147384 1373125 -266112 1373125
11220876 34328125 66770568 34328125
-28404 15625 39528 15625
13248 203125 648864 203125
249948 203125 319464 203125
-47412 15625 -11016 15625
-44712 15625 218592 203125
-2483244 2640625 4020408 2640625
-249948 203125 -319464 203125
-291456 105625 -235008 105625
-432756 105625 -78408 105625
-233856 105625 -8208 105625
-1836 625 -648 625
-132084 105625 192888 105625
-10368 8125 -3024 8125
-1944 625 9504 8125
9216 105625 36288 105625
18216 105625 14688 105625
-108 625 -1944 625
-17604 8125 -3672 8125
-407052 105625 -166536 105625
-240408 105625 -255744 105625
-31608 8125 -7344 8125
-14904 8125 -19872 8125
-372096 105625 41472 105625
-10373184 2640625 -1810512 2640625
-183744 203125 -37584 15625
-196344 203125 -445392 203125
-420444 203125 -159192 203125
-37944 203125 -24192 203125
974484 2640625 4623912 2640625
681984 2640625 -641088 2640625
-191916 2640625 -5841288 2640625
-13248 203125 -648864 203125
-168372 105625 -406296 105625
-309672 105625 -249696 105625
-110772 105625 -179496 105625
8568 8125 -29376 8125
-7236 8125 -33048 8125
-357156 203125 -67608 203125
37944 203125 24192 203125
-88128 105625 109296 105625
110772 105625 179496 105625
233856 105625 8208 105625
16956 54925 -18792 54925
1152 845 -13824 4225
-1836 4225 -17496 4225
-13248 54925 2592 54925
-111996 54925 -45144 54925
108 625 -1944 625
-163944 105625 -278208 105625
-1188 325 -648 325
-233856 105625 137808 105625
-222156 105625 -72792 105625
-18216 105625 -14688 105625
-86724 54925 84024 54925
-185472 54925 36288 54925
-43956 105625 229608 105625
-32256 105625 19008 105625
-21384 54925 -109296 54925
-2438316 1373125 -1178712 1373125
1836 625 -648 625
5184 4225 -432 845
-2304 8125 -1728 8125
-108 625 -17928 8125
-1224 845 -14688 4225
1836 4225 -17496 4225
7128 4225 -4752 4225
-8064 4225 -12096 4225
-17604 8125 3672 8125
-16704 8125 -12528 8125
-8532 4225 -3672 4225
14904 8125 -19872 8125
11556 105625 -208008 105625
-13716 4225 -11016 4225
-1152 845 -13824 4225
-8532 4225 3672 4225
-576 4225 864 4225
-22788 54925 11016 54925
-2775744 1373125 -1244592 1373125
-2473416 1373125 -1278288 1373125
-6110784 2640625 -5817312 2640625
-974484 2640625 -4623912 2640625
-28404 105625 -230472 105625
-233856 105625 -278208 105625
2169216 1373125 -4197312 1373125
-299484 1373125 -3003912 1373125
7418376 34328125 -1674432 34328125
211356 203125 -396792 203125
-25344 203125 -5184 15625
357156 203125 67608 203125
6110784 2640625 5817312 2640625
5818284 2640625 552312 2640625
10373184 2640625 1810512 2640625
4944384 2640625 -4647888 2640625
196344 203125 445392 203125
24768 105625 -7776 105625
16704 8125 -12528 8125
31608 8125 7344 8125
1944 625 -9504 8125
147852 105625 -179064 105625
108 625 -17928 8125
196452 105625 69336 105625
32256 105625 19008 105625
240408 105625 255744 105625
-163944 105625 137808 105625
222156 105625 -72792 105625
11556 105625 208008 105625
2775744 1373125 1244592 1373125
2623644 1373125 -1493208 1373125
154944 1373125 -299808 1373125
18779076 34328125 65928168 34328125
2483244 2640625 -4020408 2640625
-5529384 2640625 -5882112 2640625
-5073084 2640625 -1178712 2640625
-18779076 34328125 -65928168 34328125
-7418376 34328125 1674432 34328125
-11220876 34328125 -66770568 34328125
28404 15625 -39528 15625
30528 105625 -336096 105625
88128 105625 -109296 105625
1836 625 -23976 8125
8064 8125 -27648 8125
25344 203125 5184 15625
420444 203125 159192 203125
309672 105625 249696 105625
432756 105625 78408 105625
120384 54925 17712 54925
13716 4225 -11016 4225
1224 845 -14688 4225
18036 10985 39096 54925
-8568 54925 -1728 10985
1188 325 -648 325
-108 4225 -1944 4225
163944 105625 -137808 105625
233856 105625 278208 105625
222156 105625 67608 105625
-211356 203125 396792 203125
183744 203125 37584 15625
28404 105625 230472 105625
16704 105625 19872 105625
44712 15625 -218592 203125
5073084 2640625 1178712 2640625
-30528 105625 336096 105625
168372 105625 406296 105625
291456 105625 235008 105625
46908 54925 99144 54925
-5184 4225 -432 845
1944 4225 9936 4225
1836 4225 648 4225
-147852 105625 179064 105625
-24768 105625 7776 105625
-46908 54925 -99144 54925
-120384 54925 -17712 54925
-16956 54925 18792 54925
-1903716 1373125 1553688 1373125
22788 54925 11016 54925
21384 54925 109296 54925
372096 105625 41472 105625
4790016 1373125 2652912 1373125
407052 105625 -166536 105625
224856 105625 -116208 105625
108 4225 -1944 4225
8532 4225 3672 4225
15192 4225 7344 4225
180792 54925 -25056 54925
185472 54925 -36288 54925
8568 54925 1728 10985
111996 54925 45144 54925
-307044 1373125 2437992 1373125
-154944 1373125 -299808 1373125
299484 1373125 -3003912 1373125
47412 15625 -11016 15625
6110784 2640625 -5817312 2640625
5529384 2640625 -5882112 2640625
-8064 8125 -27648 8125
7236 8125 -33048 8125
17604 8125 -3672 8125
2304 8125 1728 8125
43956 105625 -229608 105625
233856 105625 -137808 105625
2775744 1373125 -1244592 1373125
307044 1373125 -2437992 1373125
-4944384 2640625 -4647888 2640625
191916 2640625 -5841288 2640625
-7418376 34328125 -1674432 34328125
-1836 625 -23976 8125
-8568 8125 -29376 8125
10368 8125 -3024 8125
-1836 4225 648 4225
576 4225 -864 4225
108 4225 -9288 4225
8532 4225 -3672 4225
8064 4225 -12096 4225
17604 8125 3672 8125
-7128 4225 -4752 4225
-11556 105625 -208008 105625
-9216 105625 -36288 105625
-180792 54925 25056 54925
-15192 4225 -7344 4225
132084 105625 -192888 105625
-1944 4225 -9936 4225
-108 4225 -9288 4225
-196452 105625 -69336 105625
86724 54925 -84024 54925
-18036 10985 -39096 54925
13248 54925 -2592 54925
-2775744 1373125 1244592 1373125
-2623644 1373125 -1493208 1373125
-4790016 1373125 -2652912 1373125
-2169216 1373125 -4197312 1373125
-6110784 2640625 5817312 2640625
-5818284 2640625 552312 2640625
-681984 2640625 -641088 2640625
-18779076 34328125 65928168 34328125
-16704 105625 19872 105625
163944 105625 278208 105625
-224856 105625 116208 105625
-222156 105625 67608 105625
-11556 105625 208008 105625
1903716 1373125 -1553688 1373125
2473416 1373125 -1278288 1373125
2438316 1373125 1178712 1373125
18779076 34328125 -65928168 34328125
7418376 34328125 1674432 34328125
11220876 34328125 -66770568 34328125
