19 111 0.843824 1.42875 0.532761 11.1563 11.1563 0.763978 0.475929 11.1563
20 111 0.895217 1.41931 0.550200 11.0498 11.0498 0.831598 0.413876 11.0498
22 111 0.923704 1.29043 0.571425 10.9084 10.9084 1.03300 0.296699 10.9084
19 112 0.835051 1.43039 0.529766 7.93946 7.93946 0.752691 0.485499 7.93946
19 113 0.826489 1.43262 0.526808 11.3042 11.3042 0.741339 0.494713 11.3042
20 113 0.877653 1.42445 0.543927 11.1837 11.1837 0.806194 0.436843 11.1837
21 113 0.922257 1.40232 0.562558 11.0942 11.0942 0.884527 0.372843 11.0942
22 113 0.944987 1.34969 0.580355 11.0240 11.0240 0.987617 0.314953 11.0240
21 115 0.908001 1.41392 0.555587 11.2224 11.2224 0.853041 0.396177 11.2224
22 115 0.940441 1.37471 0.574653 11.1461 11.1461 0.945497 0.335461 11.1461
21 116 0.899517 1.41713 0.551866 7.98108 7.98108 0.838924 0.407651 7.98108
23 116 0.921843 1.28724 0.570373 7.88528 7.88528 1.03401 0.296330 7.88528
20 117 0.842493 1.42896 0.532310 11.4571 11.4571 0.762289 0.477390 11.4571
22 117 0.930656 1.39264 0.567489 11.2694 11.2694 0.907833 0.357390 11.2694
23 117 0.941408 1.32826 0.580331 11.2052 11.2052 1.01199 0.304724 11.2052
21 118 0.883180 1.42325 0.545816 8.07319 8.07319 0.813663 0.429893 8.07319
23 118 0.944928 1.34760 0.580562 7.96463 7.96463 0.990496 0.313687 7.96463
20 119 0.826066 1.43275 0.526662 11.6022 11.6022 0.740770 0.495165 11.6022
22 119 0.918182 1.40606 0.560409 11.3939 11.3939 0.874757 0.379771 11.3939
23 119 0.944097 1.36129 0.578409 11.3231 11.3231 0.969731 0.323187 11.3231
23 120 0.941269 1.37243 0.575396 8.04893 8.04893 0.949871 0.333145 8.04893
21 121 0.857661 1.42705 0.537360 11.6156 11.6156 0.781147 0.460479 11.6156
23 121 0.937235 1.38195 0.572047 11.4431 11.4431 0.931031 0.343455 11.4431
24 121 0.919970 1.28408 0.569305 11.3895 11.3895 1.03493 0.295992 11.3895
21 122 0.849376 1.42797 0.534626 8.26079 8.26079 0.770941 0.469792 8.26079
23 122 0.932353 1.39023 0.568590 8.13412 8.13412 0.913262 0.354002 8.13412
22 123 0.888152 1.42188 0.547576 11.6464 11.6464 0.820745 0.423444 11.6464
23 123 0.926822 1.39745 0.565141 11.5641 11.5641 0.896559 0.364678 11.5641
21 124 0.833404 1.43077 0.529199 8.35721 8.35721 0.750534 0.487279 8.35721
23 124 0.920777 1.40374 0.561762 8.22006 8.22006 0.880885 0.375394 8.22006
21 125 0.825684 1.43287 0.526529 11.8929 11.8929 0.740255 0.495574 11.8929
22 125 0.871935 1.42539 0.542022 11.7746 11.7746 0.798812 0.443811 11.7746
23 125 0.914329 1.40920 0.558495 11.6861 11.6861 0.866184 0.386077 11.6861
24 125 0.941974 1.37026 0.576062 11.6150 11.6150 0.953927 0.331038 11.6150
23 126 0.907697 1.41416 0.555457 8.30676 8.30676 0.852406 0.396679 8.30676
25 126 0.918087 1.28095 0.568224 8.21848 8.21848 1.03578 0.295683 8.21848
22 127 0.855761 1.42725 0.536738 11.9044 11.9044 0.778819 0.462634 11.9044
23 127 0.899836 1.41692 0.551990 11.8093 11.8093 0.839516 0.407156 11.8093
24 127 0.933851 1.38793 0.569602 11.7328 11.7328 0.918333 0.350908 11.7328
25 127 0.940013 1.32406 0.579802 11.6727 11.6727 1.01549 0.303342 11.6727
23 128 0.892620 1.42036 0.549216 8.39427 8.39427 0.827479 0.417459 8.39427
25 128 0.944641 1.34369 0.580827 8.29327 8.29327 0.995596 0.311485 8.29327
22 129 0.840207 1.42935 0.531533 12.0362 12.0362 0.759368 0.479892 12.0362
23 129 0.885017 1.42278 0.546459 11.9337 11.9337 0.816234 0.427535 11.9337
25 129 0.944641 1.35726 0.579231 11.7853 11.7853 0.976285 0.320093 11.7853
23 130 0.877264 1.42453 0.543796 8.48267 8.48267 0.805680 0.437325 8.48267
22 131 0.825337 1.43298 0.526409 12.1767 12.1767 0.739786 0.495945 12.1767
23 131 0.869453 1.42574 0.541207 12.0594 12.0594 0.795682 0.446781 12.0594
24 131 0.910719 1.41189 0.556797 11.9714 11.9714 0.858609 0.391833 11.9714
25 131 0.939294 1.37755 0.573678 11.9001 11.9001 0.939943 0.338470 11.9001
26 131 0.916196 1.27786 0.567131 11.8514 11.8514 1.03657 0.295398 11.8514
23 132 0.861687 1.42664 0.538675 8.57204 8.57204 0.786078 0.455870 8.57204
25 132 0.935178 1.38573 0.570531 8.45546 8.45546 0.923080 0.348073 8.45546
23 133 0.854035 1.42744 0.536170 12.1865 12.1865 0.776699 0.464581 12.1865
24 133 0.896617 1.41868 0.550738 12.0923 12.0923 0.833896 0.411903 12.0923
25 133 0.930428 1.39295 0.567344 12.0159 12.0159 0.907127 0.357836 12.0159
26 133 0.944428 1.34185 0.580896 11.9541 11.9541 0.997864 0.310521 11.9541
23 134 0.846542 1.42835 0.533677 8.66256 8.66256 0.767402 0.472934 8.66256
25 134 0.925176 1.39930 0.564186 8.53766 8.53766 0.892069 0.367678 8.53766
23 135 0.839218 1.42954 0.531195 12.3156 12.3156 0.758097 0.480971 12.3156
26 135 0.943082 1.36624 0.577198 12.0658 12.0658 0.961210 0.327350 12.0658
23 136 0.832050 1.43110 0.528732 8.75515 8.75515 0.748750 0.488741 8.75515
25 136 0.913534 1.40981 0.558113 8.62052 8.62052 0.864483 0.387355 8.62052
27 136 0.914299 1.27479 0.566028 8.53893 8.53893 1.03730 0.295135 8.53893
23 137 0.825020 1.43308 0.526299 12.4542 12.4542 0.739359 0.496284 12.4542
24 137 0.867180 1.42603 0.540464 12.3376 12.3376 0.792847 0.449471 12.3376
25 137 0.907445 1.41438 0.555350 12.2503 12.2503 0.851873 0.397101 12.2503
26 137 0.936355 1.38363 0.571386 12.1788 12.1788 0.927531 0.345468 12.1788
27 137 0.938514 1.32007 0.579163 12.1223 12.1223 1.01847 0.302177 12.1223
25 138 0.900099 1.41674 0.552091 8.70408 8.70408 0.840015 0.406740 8.70408
24 139 0.852460 1.42761 0.535650 12.4623 12.4623 0.774759 0.466350 12.4623
25 139 0.893515 1.42001 0.549553 12.3689 12.3689 0.828880 0.416234 12.3689
26 139 0.927045 1.39719 0.565273 12.2926 12.2926 0.897182 0.364267 12.2926
27 139 0.944919 1.35360 0.579847 12.2301 12.2301 0.981937 0.317496 12.2301
27 140 0.943511 1.36437 0.577680 8.68682 8.68682 0.964490 0.325729 8.68682
25 141 0.879443 1.42409 0.544532 12.4887 12.4887 0.808573 0.434615 12.4887
26 141 0.916098 1.40780 0.559360 12.4074 12.4074 0.870049 0.383207 12.4074
28 141 0.912396 1.27174 0.564916 12.2964 12.2964 1.03798 0.294891 12.2964
25 142 0.872261 1.42534 0.542129 8.87350 8.87350 0.799227 0.443418 8.87350
27 142 0.937402 1.38162 0.572173 8.76513 8.76513 0.931710 0.343068 8.76513
24 143 0.824730 1.43317 0.526199 12.7257 12.7257 0.738967 0.496593 12.7257
25 143 0.865094 1.42627 0.539784 12.6097 12.6097 0.790266 0.451917 12.6097
27 143 0.933311 1.38878 0.569232 12.4515 12.4515 0.916471 0.352036 12.4515
28 143 0.943888 1.33836 0.580929 12.3931 12.3931 1.00194 0.308816 12.3931
25 144 0.857996 1.42702 0.537470 8.95950 8.95950 0.781558 0.460098 8.95950
26 145 0.890595 1.42109 0.548465 12.6396 12.6396 0.824378 0.420197 12.6396
27 145 0.923745 1.40082 0.563377 12.5635 12.5635 0.888307 0.370235 12.5635
28 145 0.943869 1.36258 0.578113 12.5005 12.5005 0.967557 0.324234 12.5005
25 146 0.844180 1.42869 0.532882 9.04658 9.04658 0.764428 0.475538 9.04658
27 146 0.918430 1.40585 0.560536 8.92354 8.92354 0.875330 0.379357 8.92354
29 146 0.910489 1.26872 0.563797 8.84802 8.84802 1.03861 0.294664 8.84802
25 147 0.837484 1.42987 0.530602 12.8563 12.8563 0.755858 0.482858 12.8563
26 147 0.876964 1.42458 0.543695 12.7573 12.7573 0.805287 0.437695 12.7573
29 147 0.936933 1.31623 0.578436 12.5558 12.5558 1.02105 0.301181 12.5558
25 148 0.830917 1.43138 0.528340 9.13587 9.13587 0.747250 0.489962 9.13587
27 148 0.907235 1.41457 0.555263 9.00364 9.00364 0.851421 0.397460 9.00364
29 148 0.943571 1.33669 0.580900 8.91439 8.91439 1.00377 0.308058 8.91439
25 149 0.824463 1.43325 0.526106 12.9917 12.9917 0.738606 0.496878 12.9917
26 149 0.863174 1.42648 0.539159 12.8761 12.8761 0.787902 0.454151 12.8761
27 149 0.900318 1.41657 0.552175 12.7901 12.7901 0.840441 0.406385 12.7901
28 149 0.930249 1.39319 0.567230 12.7186 12.7186 0.906574 0.358186 12.7186
29 149 0.944992 1.35023 0.580294 12.6593 12.6593 0.986859 0.315289 12.6593
29 150 0.944165 1.36087 0.578502 8.98889 8.98889 0.970433 0.322851 8.98889
