1 7 0.622381 1.53545 0.532533 2.95280 2.95280 0.602042 0.485593 2.95280
2 13 0.737166 1.49939 0.506424 3.92192 3.92192 0.627849 0.580355 3.92192
3 19 0.767068 1.47322 0.508710 4.70563 4.70563 0.657386 0.551794 4.70563
3 20 0.700300 1.51715 0.508883 3.46835 3.46835 0.609110 0.556295 3.46740
4 25 0.780061 1.46042 0.511639 5.37846 5.37846 0.675103 0.538810 5.37846
4 27 0.678485 1.51925 0.511169 5.72284 5.72284 0.604015 0.537170 5.72284
5 31 0.787574 1.45370 0.513791 5.97680 5.97680 0.686094 0.531683 5.97680
5 32 0.755823 1.48400 0.507148 4.33099 4.33099 0.644387 0.562930 4.33098
5 33 0.716039 1.51175 0.507466 6.27878 6.27878 0.615272 0.572038 6.27878
5 34 0.663904 1.51659 0.512340 4.55313 4.55313 0.602322 0.526094 4.55313
6 37 0.792562 1.44973 0.515340 6.52083 6.52083 0.693447 0.527248 6.52083
6 41 0.653302 1.51229 0.512682 7.08380 7.08380 0.601703 0.518914 7.08380
7 43 0.796138 1.44715 0.516489 7.02308 7.02308 0.698692 0.524241 7.02308
7 44 0.774598 1.46571 0.510266 5.05309 5.05309 0.667372 0.544221 5.05309
7 45 0.750683 1.48849 0.506712 7.27270 7.27270 0.639268 0.567842 7.27270
7 46 0.722407 1.50876 0.507054 5.23451 5.23451 0.618462 0.578879 5.23451
7 47 0.688169 1.51916 0.510172 7.53651 7.53651 0.605842 0.545277 7.53651
7 48 0.645093 1.50738 0.512475 5.42695 5.42695 0.601473 0.513894 5.42695
8 49 0.798832 1.44535 0.517370 7.49189 7.49189 0.702619 0.522075 7.49189
8 51 0.760154 1.47997 0.507645 7.72369 7.72369 0.649101 0.558693 7.72369
8 53 0.710293 1.51407 0.507930 7.96697 7.96697 0.612749 0.566097 7.96697
8 55 0.638420 1.50224 0.511902 8.22380 8.22380 0.601398 0.510190 8.22380
9 55 0.800937 1.44402 0.518067 7.93317 7.93317 0.705669 0.520443 7.93317
9 56 0.784246 1.45658 0.512806 5.68544 5.68544 0.681196 0.534782 5.68544
9 58 0.747725 1.49089 0.506524 5.84257 5.84257 0.636557 0.570598 5.84257
9 59 0.725868 1.50698 0.506890 8.37730 8.37730 0.620373 0.582702 8.37730
9 61 0.670551 1.51824 0.511879 8.61456 8.61456 0.602955 0.530974 8.61456
10 61 0.802626 1.44300 0.518630 8.35129 8.35129 0.708105 0.519171 8.35129
9 62 0.632786 1.49704 0.511079 6.17907 6.17907 0.601388 0.507346 6.17907
10 63 0.772373 1.46792 0.509763 8.55623 8.55623 0.664329 0.546453 8.55623
10 67 0.691897 1.51876 0.509773 8.99164 8.99164 0.606722 0.548559 8.99164
11 67 0.804013 1.44220 0.519094 8.74955 8.74955 0.710097 0.518153 8.74955
11 68 0.790293 1.45148 0.514626 6.25469 6.25469 0.690105 0.529232 6.25469
10 69 0.627885 1.49183 0.510079 9.22476 9.22476 0.601405 0.505093 9.22476
11 69 0.776599 1.46375 0.510747 8.94396 8.94396 0.670165 0.542225 8.94396
11 70 0.762076 1.47813 0.507907 6.39520 6.39520 0.651310 0.556790 6.39520
11 71 0.745798 1.49237 0.506420 9.14611 9.14611 0.634882 0.572360 9.14611
11 72 0.728050 1.50583 0.506816 6.54061 6.54061 0.621641 0.585142 6.54061
11 73 0.707623 1.51501 0.508171 9.35541 9.35541 0.611685 0.563410 9.35541
12 73 0.805172 1.44155 0.519484 9.13055 9.13055 0.711756 0.517257 9.13055
11 74 0.684710 1.51935 0.510538 6.69136 6.69136 0.605116 0.542312 6.69136
11 75 0.658229 1.51456 0.512595 9.57291 9.57291 0.601938 0.522156 9.57291
11 76 0.623521 1.48664 0.508951 6.84961 6.84961 0.601433 0.503264 6.84961
12 77 0.752851 1.48664 0.506877 9.50822 9.50822 0.641365 0.565787 9.50822
12 79 0.719778 1.51004 0.507209 9.70683 9.70683 0.617094 0.576023 9.70683
13 79 0.806154 1.44102 0.519816 9.49638 9.49638 0.713158 0.516228 9.49638
13 80 0.794485 1.44832 0.515954 6.77658 6.77658 0.696273 0.525612 6.77658
13 81 0.782962 1.45773 0.512438 9.67344 9.67344 0.679317 0.536004 9.67344
13 82 0.771163 1.46913 0.509505 6.90475 6.90475 0.662706 0.547670 6.90475
12 83 0.619559 1.48148 0.507728 10.1280 10.1280 0.601464 0.501750 10.1280
13 83 0.758506 1.48153 0.507441 9.85746 9.85746 0.647263 0.560315 9.85746
13 84 0.744437 1.49335 0.506351 7.03675 7.03675 0.633746 0.573583 7.03675
13 85 0.729557 1.50503 0.506783 10.0469 10.0469 0.622543 0.586835 10.0469
14 85 0.806998 1.44057 0.520102 9.84873 9.84873 0.714360 0.515343 9.84873
13 86 0.712524 1.51321 0.507741 7.17270 7.17270 0.613690 0.568377 7.17270
13 87 0.693873 1.51847 0.509562 10.2422 10.2422 0.607231 0.550335 10.2422
14 87 0.785436 1.45553 0.513153 10.0185 10.0185 0.682944 0.533662 10.0185
13 88 0.673034 1.51866 0.511672 7.31302 7.31302 0.603248 0.532870 7.31302
13 89 0.648963 1.50988 0.512634 10.4443 10.4443 0.601559 0.516199 10.4443
14 89 0.763162 1.47708 0.508067 10.1951 10.1951 0.652590 0.555709 10.1951
13 90 0.615909 1.47636 0.506433 7.46061 7.46061 0.601495 0.500475 7.46061
15 91 0.807730 1.44019 0.520350 10.1890 10.1890 0.715400 0.514574 10.1890
15 92 0.797573 1.44618 0.516957 7.26125 7.26125 0.700788 0.523076 7.26125
14 93 0.706079 1.51552 0.508315 10.5630 10.5630 0.611102 0.561879 10.5630
15 94 0.777527 1.46285 0.510979 7.37976 7.37976 0.671477 0.541304 7.37976
14 95 0.668210 1.51775 0.512058 10.7551 10.7551 0.602707 0.529223 10.7551
14 97 0.612505 1.47126 0.505083 10.9577 10.9577 0.601526 0.499387 10.9577
15 97 0.743422 1.49404 0.506299 10.6964 10.6964 0.632926 0.574482 10.6964
16 97 0.808372 1.43986 0.520568 10.5184 10.5184 0.716311 0.513900 10.5184
15 98 0.730664 1.50445 0.506770 7.62628 7.62628 0.623216 0.586270 7.62628
16 99 0.789443 1.45216 0.514363 10.6754 10.6754 0.688852 0.529989 10.6754
15 101 0.683072 1.51938 0.510708 11.0589 11.0589 0.604802 0.540935 11.0589
16 101 0.770402 1.46989 0.509347 10.8395 10.8395 0.661698 0.548435 10.8395
15 103 0.641601 1.50483 0.512226 11.2487 11.2487 0.601424 0.511912 11.2487
16 103 0.749029 1.48985 0.506602 11.0075 11.0075 0.637731 0.569390 11.0075
17 103 0.808939 1.43957 0.520761 10.8379 10.8379 0.717114 0.513305 10.8379
15 104 0.609297 1.46620 0.503691 8.02572 8.02572 0.601554 0.498448 8.02572
17 104 0.799945 1.44464 0.517738 7.71567 7.71567 0.704234 0.521205 7.71567
16 105 0.724360 1.50777 0.506956 11.1794 11.1794 0.619525 0.581028 11.1794
17 105 0.791094 1.45086 0.514876 10.9893 10.9893 0.691285 0.528525 10.9893
17 106 0.782281 1.45835 0.512247 7.82634 7.82634 0.678323 0.536657 7.82634
16 107 0.695096 1.51826 0.509431 11.3558 11.3558 0.607563 0.551448 11.3558
17 107 0.773292 1.46701 0.509967 11.1480 11.1480 0.665578 0.545530 11.1480
17 108 0.763861 1.47640 0.508174 7.93983 7.93983 0.653425 0.555013 7.93983
16 109 0.660028 1.51527 0.512530 11.5370 11.5370 0.602046 0.523381 11.5370
17 109 0.753733 1.48587 0.506952 11.3102 11.3102 0.642243 0.564944 11.3102
18 109 0.809444 1.43932 0.520933 11.1483 11.1483 0.717827 0.512775 11.1483
17 110 0.742632 1.49455 0.506257 8.05585 8.05585 0.632305 0.575171 8.05585
16 111 0.606251 1.46116 0.502264 11.7296 11.7296 0.601580 0.497628 11.7296
17 111 0.731515 1.50402 0.506769 11.4762 11.4762 0.623738 0.585573 11.4762
17 112 0.718685 1.51055 0.507280 8.17451 8.17451 0.616546 0.574849 8.17451
17 113 0.705073 1.51584 0.508411 11.6459 11.6459 0.610733 0.560891 11.6459
18 113 0.775823 1.46451 0.510557 11.4483 11.4483 0.669076 0.542997 11.4483
17 114 0.690371 1.51895 0.509936 8.29603 8.29603 0.606349 0.547205 8.29603
17 115 0.674333 1.51885 0.511558 11.8200 11.8200 0.603415 0.533878 11.8200
18 115 0.757766 1.48222 0.507356 11.6054 11.6054 0.646456 0.561039 11.6054
19 115 0.809896 1.43910 0.521087 11.4504 11.4504 0.718466 0.512300 11.4504
17 116 0.656512 1.51382 0.512641 8.42082 8.42082 0.601846 0.521008 8.42082
19 116 0.801825 1.44348 0.518362 8.14490 8.14490 0.706951 0.519770 8.14490
17 117 0.635495 1.49965 0.511517 11.9997 11.9997 0.601388 0.508681 11.9997
19 117 0.793878 1.44876 0.515759 11.5916 11.5916 0.695381 0.526124 11.5916
17 118 0.603338 1.45616 0.500811 8.55409 8.55409 0.601604 0.496907 8.55409
19 118 0.785999 1.45504 0.513319 8.24899 8.24899 0.683772 0.533137 8.24899
18 119 0.713507 1.51281 0.507661 11.9298 11.9298 0.614120 0.569392 11.9298
19 119 0.778062 1.46233 0.511115 11.7410 11.7410 0.672238 0.540774 11.7410
19 120 0.769880 1.47041 0.509241 8.35572 8.35572 0.661010 0.548961 8.35572
18 121 0.686063 1.51930 0.510396 12.0974 12.0974 0.605390 0.543463 12.0974
19 121 0.761270 1.47891 0.507794 11.8934 11.8934 0.650375 0.557590 11.8934
20 121 0.810303 1.43890 0.521226 11.7449 11.7449 0.719040 0.511871 11.7449
19 122 0.752057 1.48733 0.506813 8.46458 8.46458 0.640586 0.566543 8.46458
19 123 0.741999 1.49493 0.506220 12.0489 12.0489 0.631820 0.575714 12.0489
20 123 0.795063 1.44790 0.516141 11.8814 11.8814 0.697120 0.525129 11.8814
19 124 0.732192 1.50370 0.506775 8.57561 8.57561 0.624155 0.585022 8.57561
18 125 0.600537 1.45118 0.499336 12.4545 12.4545 0.601625 0.496268 12.4545
19 125 0.720750 1.50958 0.507149 12.2075 12.2075 0.617591 0.577074 12.2075
19 126 0.708752 1.51462 0.508067 8.68896 8.68896 0.612127 0.564540 8.68896
19 127 0.695929 1.51811 0.509343 12.3695 12.3695 0.607795 0.552210 12.3695
20 127 0.764348 1.47592 0.508251 12.1748 12.1748 0.654013 0.554527 12.1748
21 127 0.810672 1.43872 0.521352 12.0322 12.0322 0.719560 0.511484 12.0322
19 128 0.682116 1.51938 0.510807 8.80481 8.80481 0.604627 0.540140 8.80481
21 128 0.803352 1.44258 0.518873 8.55272 8.55272 0.709149 0.518635 8.55272
19 129 0.667089 1.51748 0.512138 12.5353 12.5353 0.602599 0.528397 12.5353
20 129 0.746670 1.49171 0.506465 12.3257 12.3257 0.635631 0.571566 12.3257
19 130 0.650352 1.51069 0.512663 8.92363 8.92363 0.601599 0.517054 8.92363
21 130 0.788998 1.45252 0.514226 8.65118 8.65118 0.688195 0.530389 8.65118
19 131 0.630258 1.49444 0.510597 12.7066 12.7066 0.601394 0.506158 12.7066
20 131 0.727070 1.50635 0.506846 12.4796 12.4796 0.621066 0.584043 12.4796
21 131 0.781860 1.45874 0.512129 12.3058 12.3058 0.677709 0.537063 12.3058
19 132 0.597831 1.44623 0.497844 9.05223 9.05223 0.601646 0.495697 9.05223
20 133 0.704366 1.51605 0.508480 12.6365 12.6365 0.610479 0.560199 12.6365
22 133 0.811007 1.43856 0.521466 12.3130 12.3130 0.720032 0.511131 12.3130
21 134 0.759136 1.48094 0.507517 8.85508 8.85508 0.647960 0.559696 8.85508
22 135 0.797116 1.44648 0.516807 12.4409 12.4409 0.700121 0.523444 12.4409
21 136 0.741477 1.49523 0.506187 8.95979 8.95979 0.631430 0.576155 8.95979
20 137 0.647626 1.50905 0.512592 12.9610 12.9610 0.601525 0.515390 12.9610
21 137 0.732745 1.50344 0.506786 12.7462 12.7462 0.624494 0.584577 12.7462
22 137 0.783488 1.45725 0.512588 12.5787 12.5787 0.680085 0.535502 12.5787
20 139 0.595206 1.44131 0.496339 13.1402 13.1402 0.601664 0.495184 13.1402
21 139 0.711677 1.51354 0.507812 12.8984 12.8984 0.613327 0.567507 12.8984
22 139 0.769498 1.47079 0.509165 12.7193 12.7193 0.660512 0.549345 12.7193
23 139 0.811314 1.43842 0.521571 12.5876 12.5876 0.720463 0.510808 12.5876
23 140 0.804617 1.44186 0.519298 8.94207 8.94207 0.710962 0.517717 8.94207
22 141 0.754211 1.48545 0.506994 12.8622 12.8622 0.642726 0.564485 12.8622
23 141 0.798011 1.44588 0.517100 12.7114 12.7114 0.701425 0.522726 12.7114
21 142 0.675132 1.51894 0.511486 9.28605 9.28605 0.603523 0.534503 9.28605
23 142 0.791477 1.45056 0.514997 9.03561 9.03561 0.691849 0.528190 9.03561
21 143 0.660961 1.51561 0.512490 13.2123 13.2123 0.602106 0.524025 13.2123
23 143 0.784970 1.45593 0.513016 12.8460 12.8460 0.682260 0.534099 12.8460
23 144 0.778411 1.46199 0.511205 9.13173 9.13173 0.672735 0.540430 9.13173
21 145 0.625645 1.48924 0.509528 13.3765 13.3765 0.601418 0.504133 13.3765
22 145 0.718087 1.51083 0.507320 13.1556 13.1556 0.616252 0.574209 13.1556
23 145 0.771690 1.46860 0.509616 12.9831 12.9831 0.663410 0.547140 12.9831
24 145 0.811595 1.43829 0.521667 12.8565 12.8565 0.720858 0.510512 12.8565
21 146 0.592653 1.43640 0.494822 9.52493 9.52493 0.601681 0.494721 9.52493
23 146 0.764707 1.47557 0.508309 9.22950 9.22950 0.654449 0.554168 9.22950
22 147 0.696532 1.51800 0.509279 13.3063 13.3063 0.607967 0.552766 13.3063
23 147 0.757346 1.48261 0.507309 13.1225 13.1225 0.646003 0.561449 13.1225
23 148 0.749535 1.48944 0.506634 9.32886 9.32886 0.638196 0.568918 9.32886
22 149 0.672023 1.51850 0.511758 13.4600 13.4600 0.603125 0.532093 13.4600
23 149 0.741038 1.49545 0.506156 13.2642 13.2642 0.631109 0.576519 13.2642
24 149 0.786327 1.45476 0.513417 13.1078 13.1078 0.684256 0.532832 13.1078
23 150 0.733208 1.50325 0.506801 9.42986 9.42986 0.624777 0.584209 9.42986
