38 261 0.640942 1.50431 0.512167 17.9081 17.9081 0.601417 0.511549 17.9081
40 261 0.732482 1.50356 0.506780 17.5940 17.5940 0.624333 0.584788 17.5940
41 261 0.761703 1.47849 0.507854 17.4656 17.4656 0.650876 0.557160 17.4656
43 261 0.807253 1.44043 0.520188 17.2572 17.2572 0.714723 0.515075 17.2572
39 262 0.687200 1.51923 0.510275 12.5846 12.5846 0.605630 0.544439 12.5846
41 262 0.757531 1.48244 0.507329 12.3872 12.3872 0.646201 0.561269 12.3872
43 262 0.803690 1.44239 0.518986 12.2354 12.2354 0.709634 0.518388 12.2354
38 263 0.617096 1.47806 0.506872 18.0338 18.0338 0.601485 0.500877 18.0338
39 263 0.680264 1.51934 0.510994 17.8551 17.8551 0.604304 0.538614 17.8551
40 263 0.721622 1.50915 0.507098 17.7038 17.7038 0.618045 0.578021 17.7038
41 263 0.753217 1.48632 0.506908 17.5708 17.5708 0.641728 0.565437 17.5708
42 263 0.778253 1.46214 0.511164 17.4536 17.4536 0.672510 0.540586 17.4536
43 263 0.800153 1.44451 0.517806 17.3512 17.3512 0.704534 0.521044 17.3512
41 264 0.748744 1.49008 0.506584 12.4619 12.4619 0.637472 0.569655 12.4619
43 264 0.796638 1.44681 0.516651 12.3034 12.3034 0.699424 0.523832 12.3034
38 265 0.555105 1.35612 0.468622 18.2196 18.2196 0.601840 0.490606 18.2196
39 265 0.665464 1.51705 0.512245 17.9717 17.9717 0.602452 0.527214 17.9717
41 265 0.744068 1.49361 0.506332 17.6770 17.6770 0.633445 0.573912 17.6770
42 265 0.770874 1.46942 0.509444 17.5555 17.5555 0.662321 0.547961 17.5555
43 265 0.793143 1.44930 0.515525 17.4485 17.4485 0.694302 0.526749 17.4485
44 265 0.814545 1.43696 0.522680 17.4054 17.4054 0.724985 0.507402 17.4054
39 266 0.657483 1.51424 0.512616 12.7496 12.7496 0.601897 0.521655 12.7496
41 266 0.738839 1.49616 0.505911 12.5374 12.5374 0.629654 0.578201 12.5374
43 266 0.789661 1.45199 0.514430 12.3728 12.3728 0.689172 0.529795 12.3728
40 267 0.698239 1.51764 0.509100 17.9268 17.9268 0.608469 0.554351 17.9268
41 267 0.735488 1.50265 0.506989 17.7842 17.7842 0.626102 0.582515 17.7842
43 267 0.786182 1.45488 0.513374 17.5473 17.5473 0.684042 0.532967 17.5473
44 267 0.807497 1.44031 0.520271 17.4536 17.4536 0.715069 0.514819 17.4536
39 268 0.639659 1.50328 0.512040 12.8341 12.8341 0.601406 0.510851 12.8341
41 268 0.729962 1.50482 0.506776 12.6135 12.6135 0.622788 0.586849 12.6135
43 268 0.782693 1.45797 0.512362 12.4430 12.4430 0.678924 0.536261 12.4430
39 269 0.629054 1.49313 0.510342 18.2113 18.2113 0.601399 0.505611 18.2113
40 269 0.685320 1.51933 0.510474 18.0401 18.0401 0.605238 0.542830 18.0401
41 269 0.724692 1.50760 0.506940 17.8924 17.8924 0.619709 0.581395 17.8924
42 269 0.754981 1.48476 0.507066 17.7622 17.7622 0.643513 0.563744 17.7622
43 269 0.779180 1.46126 0.511405 17.6470 17.6470 0.673835 0.539673 17.6470
44 269 0.800553 1.44426 0.517939 17.5462 17.5462 0.705114 0.520736 17.5462
41 270 0.719325 1.51026 0.507238 12.6904 12.6904 0.616866 0.575536 12.6904
43 270 0.775624 1.46470 0.510509 12.5138 12.5138 0.668798 0.543196 12.5138
39 271 0.596509 1.44377 0.497093 18.3453 18.3453 0.601655 0.495434 18.3453
40 271 0.671362 1.51839 0.511813 18.1547 18.1547 0.603047 0.531589 18.1547
41 271 0.713817 1.51269 0.507636 18.0017 18.0017 0.614258 0.569715 18.0017
42 271 0.746214 1.49206 0.506441 17.8669 17.8669 0.635238 0.571982 17.8669
43 271 0.772008 1.46829 0.509684 17.7477 17.7477 0.663837 0.546820 17.7477
44 271 0.793698 1.44889 0.515702 17.6424 17.6424 0.695117 0.526277 17.6424
45 271 0.814624 1.43693 0.522707 17.6034 17.6034 0.725095 0.507319 17.6034
39 272 0.553099 1.35156 0.467092 13.0555 13.0555 0.601845 0.490477 13.0555
41 272 0.708147 1.51483 0.508122 12.7680 12.7680 0.611889 0.563934 12.7680
43 272 0.768310 1.47196 0.508934 12.5853 12.5853 0.658978 0.550537 12.5853
45 272 0.811164 1.43849 0.521520 12.4511 12.4511 0.720252 0.510966 12.4511
40 273 0.656036 1.51361 0.512651 18.2708 18.2708 0.601823 0.520693 18.2708
41 273 0.702297 1.51664 0.508685 18.1120 18.1120 0.609764 0.558196 18.1120
43 273 0.764540 1.47574 0.508282 17.8492 17.8492 0.654246 0.554335 17.8492
44 273 0.786894 1.45427 0.513586 17.7399 17.7399 0.685091 0.532308 17.7399
41 274 0.696253 1.51805 0.509309 12.8465 12.8465 0.607887 0.552508 12.8465
43 274 0.760648 1.47950 0.507710 12.6574 12.6574 0.649662 0.558205 12.6574
45 274 0.804322 1.44203 0.519198 12.5106 12.5106 0.710539 0.517929 12.5106
41 275 0.689997 1.51899 0.509976 18.2235 18.2235 0.606260 0.546875 18.2235
42 275 0.727583 1.50608 0.506830 18.0792 18.0792 0.621366 0.584619 18.0792
43 275 0.756640 1.48326 0.507232 17.9516 17.9516 0.645248 0.562137 17.9516
41 276 0.683513 1.51938 0.510663 12.9257 12.9257 0.604884 0.541304 12.9257
43 276 0.752501 1.48694 0.506849 12.7301 12.7301 0.641020 0.566121 12.7301
40 277 0.614750 1.47465 0.505989 18.5125 18.5125 0.601506 0.500094 18.5125
41 277 0.676776 1.51911 0.511333 18.3362 18.3362 0.603756 0.535802 18.3362
42 277 0.717114 1.51127 0.507388 18.1869 18.1869 0.615781 0.573175 18.1869
43 277 0.748212 1.49051 0.506552 18.0549 18.0549 0.636992 0.570148 18.0549
44 277 0.773084 1.46722 0.509920 17.9377 17.9377 0.665294 0.545739 17.9377
45 277 0.794229 1.44850 0.515872 17.8341 17.8341 0.695896 0.525828 17.8341
46 277 0.814699 1.43690 0.522733 17.7995 17.7995 0.725200 0.507239 17.7995
41 278 0.669756 1.51808 0.511942 13.0059 13.0059 0.602867 0.530376 13.0059
43 278 0.743731 1.49384 0.506315 12.8035 12.8035 0.633173 0.574210 12.8035
45 278 0.790898 1.45101 0.514815 12.6446 12.6446 0.690997 0.528697 12.6446
40 279 0.551107 1.34701 0.465564 18.7041 18.7041 0.601850 0.490354 18.7041
41 279 0.662404 1.51611 0.512421 18.4503 18.4503 0.602208 0.525033 18.4503
43 279 0.738690 1.49616 0.505886 18.1591 18.1591 0.629569 0.578301 18.1591
44 279 0.765845 1.47446 0.508500 18.0380 18.0380 0.655843 0.553032 18.0380
46 279 0.807953 1.44007 0.520426 17.8401 17.8401 0.715717 0.514340 17.8401
41 280 0.654644 1.51295 0.512672 13.0871 13.0871 0.601759 0.519780 13.0871
43 280 0.735640 1.50265 0.507013 12.8775 12.8775 0.626182 0.582414 12.8775
41 281 0.646337 1.50822 0.512539 18.5660 18.5660 0.601497 0.514623 18.5660
42 281 0.694340 1.51839 0.509512 18.4053 18.4053 0.607356 0.550759 18.4053
43 281 0.730329 1.50463 0.506772 18.2642 18.2642 0.623011 0.586546 18.2642
44 281 0.758204 1.48181 0.507406 18.1390 18.1390 0.646932 0.560611 18.1390
45 281 0.780901 1.45963 0.511866 18.0277 18.0277 0.676318 0.537991 18.0277
46 281 0.801304 1.44380 0.518188 17.9300 17.9300 0.706198 0.520164 17.9300
41 282 0.637222 1.50121 0.511755 13.1698 13.1698 0.601393 0.509563 13.1698
43 282 0.725308 1.50728 0.506914 12.9522 12.9522 0.620055 0.582078 12.9522
41 283 0.626750 1.49053 0.509807 18.6848 18.6848 0.601411 0.504601 18.6848
42 283 0.681774 1.51937 0.510841 18.5162 18.5162 0.604565 0.539856 18.5162
43 283 0.720208 1.50984 0.507182 18.3703 18.3703 0.617312 0.576487 18.3703
44 283 0.750084 1.48899 0.506670 18.2410 18.2410 0.638706 0.568404 18.2410
45 283 0.774105 1.46620 0.510152 18.1259 18.1259 0.666693 0.544714 18.1259
46 283 0.794737 1.44814 0.516035 18.0238 18.0238 0.696641 0.525402 18.0238
47 283 0.814772 1.43687 0.522758 17.9935 17.9935 0.725301 0.507163 17.9935
41 284 0.613616 1.47296 0.505539 13.2564 13.2564 0.601516 0.499732 13.2564
43 284 0.714983 1.51220 0.507545 13.0276 13.0276 0.614784 0.570930 13.0276
45 284 0.770622 1.46967 0.509392 12.8519 12.8519 0.661988 0.548214 12.8519
47 284 0.811457 1.43835 0.521620 12.7228 12.7228 0.720665 0.510657 12.7228
41 285 0.593922 1.43885 0.495582 18.8179 18.8179 0.601673 0.494947 18.8179
43 285 0.709614 1.51432 0.507990 18.4774 18.4774 0.612472 0.565408 18.4774
44 285 0.741248 1.49535 0.506171 18.3438 18.3438 0.631262 0.576345 18.3438
46 285 0.788224 1.45316 0.513989 18.1190 18.1190 0.687053 0.531090 18.1190
47 285 0.808167 1.43996 0.520498 18.0302 18.0302 0.716020 0.514116 18.0302
41 286 0.549130 1.34248 0.464040 13.3941 13.3941 0.601855 0.490237 13.3941
43 286 0.704085 1.51614 0.508507 13.1037 13.1037 0.610380 0.559926 13.1037
45 286 0.763427 1.47682 0.508107 12.9221 12.9221 0.652905 0.555446 12.9221
47 286 0.804900 1.44170 0.519393 12.7800 12.7800 0.711367 0.517514 12.7800
43 287 0.698384 1.51761 0.509085 18.5856 18.5856 0.608513 0.554487 18.5856
44 287 0.732986 1.50334 0.506793 18.4475 18.4475 0.624642 0.584384 18.4475
45 287 0.759680 1.48042 0.507584 18.3246 18.3246 0.648567 0.559161 18.3246
46 287 0.781703 1.45888 0.512086 18.2151 18.2151 0.677482 0.537214 18.2151
47 287 0.801655 1.44358 0.518306 18.1189 18.1189 0.706706 0.519898 18.1189
43 288 0.692497 1.51868 0.509709 13.1805 13.1805 0.606873 0.549095 13.1805
47 288 0.798430 1.44561 0.517238 12.8446 12.8446 0.702035 0.522392 12.8446
42 289 0.636062 1.50017 0.511598 18.8578 18.8578 0.601389 0.508967 18.8578
43 289 0.686408 1.51928 0.510359 18.6948 18.6948 0.605462 0.543758 18.6948
44 289 0.723119 1.50840 0.507017 18.5521 18.5521 0.618845 0.579660 18.5521
45 289 0.751844 1.48751 0.506797 18.4252 18.4252 0.640380 0.566745 18.4252
46 289 0.775078 1.46524 0.510379 18.3121 18.3121 0.668038 0.543741 18.3121
47 289 0.795223 1.44779 0.516192 18.2115 18.2115 0.697354 0.524996 18.2115
48 289 0.814841 1.43684 0.522781 18.1857 18.1857 0.725397 0.507090 18.1857
43 290 0.680099 1.51933 0.511010 13.2581 13.2581 0.604277 0.538480 13.2581
47 290 0.792031 1.45013 0.515171 12.9107 12.9107 0.692665 0.527707 12.9107
43 291 0.673548 1.51874 0.511628 18.8051 18.8051 0.603313 0.533268 18.8051
44 291 0.712926 1.51305 0.507708 18.6577 18.6577 0.613865 0.568792 18.6577
46 291 0.768228 1.47204 0.508918 18.4099 18.4099 0.658874 0.550618 18.4099
47 291 0.788847 1.45265 0.514179 18.3056 18.3056 0.687971 0.530526 18.3056
43 292 0.666722 1.51738 0.512163 13.3366 13.3366 0.602564 0.528129 13.3366
45 292 0.738551 1.49616 0.505860 13.1365 13.1365 0.629492 0.578392 13.1365
47 292 0.785663 1.45533 0.513220 12.9776 12.9776 0.683279 0.533450 12.9776
42 293 0.547166 1.33797 0.462519 19.1775 19.1775 0.601859 0.490126 19.1775
43 293 0.659570 1.51509 0.512548 18.9168 18.9168 0.602017 0.523068 18.9168
44 293 0.702162 1.51668 0.508698 18.7643 18.7643 0.609718 0.558067 18.7643
45 293 0.735782 1.50265 0.507036 18.6290 18.6290 0.626255 0.582323 18.6290
46 293 0.761077 1.47909 0.507767 18.5084 18.5084 0.650153 0.557781 18.5084
47 293 0.782470 1.45818 0.512300 18.4006 18.4006 0.678598 0.536476 18.4006
48 293 0.801992 1.44338 0.518418 18.3058 18.3058 0.707192 0.519644 18.3058
43 294 0.652008 1.51161 0.512681 13.4161 13.4161 0.601654 0.518090 13.4161
47 294 0.779255 1.46118 0.511425 13.0450 13.0450 0.673943 0.539600 13.0450
43 295 0.643890 1.50653 0.512401 19.0302 19.0302 0.601454 0.513201 19.0302
44 295 0.690719 1.51891 0.509899 18.8719 18.8719 0.606432 0.547512 18.8719
46 295 0.753503 1.48607 0.506932 18.6078 18.6078 0.642013 0.565164 18.6078
47 295 0.776005 1.46433 0.510601 18.4965 18.4965 0.669331 0.542816 18.4965
48 295 0.795690 1.44746 0.516343 18.3974 18.3974 0.698037 0.524609 18.3974
49 295 0.814908 1.43681 0.522804 18.3760 18.3760 0.725490 0.507020 18.3760
43 296 0.634937 1.49913 0.511433 13.4972 13.4972 0.601387 0.508401 13.4972
45 296 0.721009 1.50945 0.507133 13.2825 13.2825 0.617725 0.577355 13.2825
47 296 0.772706 1.46759 0.509837 13.1131 13.1131 0.664780 0.546119 13.1131
49 296 0.811727 1.43823 0.521713 12.9889 12.9889 0.721043 0.510373 12.9889
43 297 0.624570 1.48794 0.509243 19.1468 19.1468 0.601425 0.503688 19.1468
46 297 0.745416 1.49265 0.506400 18.7079 18.7079 0.634559 0.572706 18.7079
47 297 0.769344 1.47094 0.509135 18.5931 18.5931 0.660311 0.549500 18.5931
49 297 0.808569 1.43976 0.520635 18.4047 18.4047 0.716589 0.513694 18.4047
43 298 0.611416 1.46957 0.504624 13.5825 13.5825 0.601535 0.499059 13.5825
45 298 0.710940 1.51382 0.507874 13.3564 13.3564 0.613017 0.566755 13.3564
47 298 0.765925 1.47438 0.508514 13.1817 13.1817 0.655941 0.552952 13.1817
49 298 0.805432 1.44141 0.519572 13.0438 13.0438 0.712128 0.516984 13.0438
43 299 0.591400 1.43396 0.494061 19.2792 19.2792 0.601689 0.494506 19.2792
44 299 0.665288 1.51700 0.512257 19.0904 19.0904 0.602436 0.527087 19.0904
45 299 0.705700 1.51564 0.508351 18.9415 18.9415 0.610962 0.561506 18.9415
47 299 0.762401 1.47782 0.507954 18.6904 18.6904 0.651690 0.556468 18.6904
48 299 0.783203 1.45751 0.512507 18.5843 18.5843 0.679669 0.535773 18.5843
49 299 0.802316 1.44319 0.518526 18.4909 18.4909 0.707658 0.519402 18.4909
43 300 0.545215 1.33347 0.461001 13.7253 13.7253 0.601863 0.490020 13.7253
47 300 0.758788 1.48127 0.507475 13.2508 13.2508 0.647574 0.560038 13.2508
49 300 0.799218 1.44510 0.517497 13.1068 13.1068 0.703180 0.521771 13.1068
