22 151 0.642727 1.50568 0.512318 13.6176 13.6176 0.601437 0.512541 13.6176
23 151 0.723767 1.50807 0.506984 13.4082 13.4082 0.619198 0.580373 13.4082
24 151 0.773674 1.46663 0.510053 13.2418 13.2418 0.666100 0.545147 13.2418
25 151 0.811854 1.43817 0.521756 13.1200 13.1200 0.721221 0.510240 13.1200
23 152 0.714060 1.51259 0.507617 9.53260 9.53260 0.614366 0.569967 9.53260
25 152 0.805682 1.44127 0.519657 9.31525 9.31525 0.712485 0.516722 9.31525
22 153 0.590162 1.43153 0.493297 13.7928 13.7928 0.601696 0.494300 13.7928
23 153 0.703841 1.51621 0.508531 13.5548 13.5548 0.610294 0.559689 13.5548
25 153 0.799589 1.44486 0.517620 13.2360 13.2360 0.703717 0.521482 13.2360
23 154 0.693016 1.51860 0.509653 9.63718 9.63718 0.607007 0.549562 9.63718
25 154 0.793562 1.44899 0.515658 9.40442 9.40442 0.694917 0.526392 9.40442
23 155 0.681490 1.51937 0.510870 13.7041 13.7041 0.604515 0.539622 13.7041
24 155 0.745064 1.49291 0.506382 13.5161 13.5161 0.634265 0.573022 13.5161
23 156 0.669130 1.51795 0.511990 9.74377 9.74377 0.602801 0.529908 9.74377
25 156 0.781572 1.45900 0.512050 9.49627 9.49627 0.677291 0.537341 9.49627
23 157 0.655683 1.51344 0.512657 13.8565 13.8565 0.601806 0.520460 13.8565
24 157 0.728866 1.50540 0.506796 13.6565 13.6565 0.622127 0.586059 13.6565
25 157 0.775480 1.46484 0.510475 13.4956 13.4956 0.668598 0.543339 13.4956
26 157 0.812093 1.43806 0.521838 13.3784 13.3784 0.721557 0.509988 13.3784
23 158 0.640509 1.50397 0.512126 9.85302 9.85302 0.601413 0.511312 9.85302
25 158 0.769207 1.47108 0.509108 9.58962 9.58962 0.660134 0.549637 9.58962
23 159 0.621496 1.48406 0.508350 14.0146 14.0146 0.601448 0.502473 14.0146
25 159 0.762685 1.47754 0.507995 13.6286 13.6286 0.652026 0.556184 13.6286
26 159 0.800288 1.44442 0.517851 13.4907 13.4907 0.704731 0.520940 13.4907
23 160 0.587725 1.42667 0.491765 9.97586 9.97586 0.601711 0.493917 9.97586
24 161 0.689732 1.51902 0.510005 13.9445 13.9445 0.606198 0.546642 13.9445
25 161 0.748562 1.49023 0.506573 13.7636 13.7636 0.637306 0.569825 13.7636
26 161 0.788724 1.45275 0.514141 13.6165 13.6165 0.687791 0.530637 13.6165
25 162 0.740663 1.49563 0.506127 9.78055 9.78055 0.630842 0.576825 9.78055
24 163 0.666431 1.51731 0.512182 14.0924 14.0924 0.602538 0.527916 14.0924
25 163 0.733601 1.50309 0.506818 13.9006 13.9006 0.625016 0.583900 13.9006
26 163 0.777134 1.46323 0.510880 13.7447 13.7447 0.670921 0.541693 13.7447
27 163 0.812314 1.43795 0.521914 13.6321 13.6321 0.721867 0.509755 13.6321
25 164 0.724904 1.50749 0.506931 9.87821 9.87821 0.619828 0.581630 9.87821
27 164 0.806591 1.44078 0.519964 9.67415 9.67415 0.713781 0.515769 9.67415
26 165 0.764982 1.47530 0.508354 13.8748 13.8748 0.654785 0.553893 13.8748
25 166 0.706760 1.51530 0.508251 9.97744 9.97744 0.611356 0.562552 9.97744
27 166 0.795342 1.44771 0.516231 9.75938 9.75938 0.697528 0.524897 9.75938
24 167 0.585336 1.42183 0.490228 14.4167 14.4167 0.601724 0.493566 14.4167
25 167 0.696989 1.51790 0.509231 14.1813 14.1813 0.608099 0.553188 14.1813
26 167 0.751688 1.48764 0.506785 14.0068 14.0068 0.640229 0.566892 14.0068
27 167 0.789790 1.45188 0.514470 13.8639 13.8639 0.689362 0.529680 13.8639
25 168 0.686655 1.51926 0.510333 10.0784 10.0784 0.605514 0.543970 10.0784
25 169 0.675673 1.51901 0.511436 14.3253 14.3253 0.603598 0.534928 14.3253
27 169 0.778656 1.46176 0.511268 13.9895 13.9895 0.673085 0.540188 13.9895
28 169 0.812520 1.43786 0.521984 13.8812 13.8812 0.722156 0.509538 13.8812
27 170 0.772952 1.46735 0.509891 9.93693 9.93693 0.665115 0.545871 9.93693
25 171 0.651067 1.51110 0.512673 14.4722 14.4722 0.601622 0.517499 14.4722
26 171 0.721197 1.50936 0.507122 14.2767 14.2767 0.617823 0.577560 14.2767
28 171 0.801539 1.44365 0.518267 13.9862 13.9862 0.706539 0.519985 13.9862
25 172 0.636444 1.50051 0.511651 10.2865 10.2865 0.601390 0.509163 10.2865
27 172 0.760940 1.47922 0.507749 10.0277 10.0277 0.649996 0.557916 10.0277
25 173 0.617700 1.47892 0.507088 14.6252 14.6252 0.601480 0.501086 14.6252
26 173 0.703437 1.51632 0.508571 14.4147 14.4147 0.610153 0.559296 14.4147
27 173 0.754511 1.48518 0.507022 14.2461 14.2461 0.643031 0.564197 14.2461
28 173 0.790779 1.45110 0.514778 14.1070 14.1070 0.690822 0.528802 14.1070
25 174 0.582991 1.41702 0.488686 10.4080 10.4080 0.601736 0.493243 10.4080
26 175 0.683767 1.51937 0.510636 14.5550 14.5550 0.604933 0.541517 14.5550
27 175 0.740337 1.49577 0.506098 14.3771 14.3771 0.630614 0.577086 14.3771
29 175 0.812712 1.43777 0.522050 14.1261 14.1261 0.722424 0.509336 14.1261
27 176 0.733941 1.50297 0.506836 10.2130 10.2130 0.625220 0.583637 10.2130
29 176 0.807377 1.44037 0.520230 10.0203 10.0203 0.714898 0.514946 10.0203
26 177 0.661531 1.51581 0.512464 14.6978 14.6978 0.602145 0.524422 14.6978
28 177 0.768979 1.47130 0.509063 14.3550 14.3550 0.659837 0.549867 14.3550
29 177 0.802101 1.44331 0.518454 14.2276 14.2276 0.707349 0.519562 14.2276
27 178 0.717709 1.51100 0.507346 10.3076 10.3076 0.616068 0.573807 10.3076
29 178 0.796880 1.44664 0.516730 10.1020 10.1020 0.699776 0.523636 10.1020
26 179 0.634570 1.49878 0.511376 14.8443 14.8443 0.601387 0.508218 14.8443
27 179 0.709210 1.51446 0.508026 14.6448 14.6448 0.612309 0.565001 14.6448
28 179 0.757076 1.48286 0.507279 14.4815 14.4815 0.645712 0.561713 14.4815
29 179 0.791701 1.45039 0.515067 14.3460 14.3460 0.692180 0.527994 14.3460
29 180 0.786542 1.45457 0.513481 10.1867 10.1867 0.684573 0.532633 10.1867
26 181 0.580685 1.41222 0.487142 15.0156 15.0156 0.601748 0.492946 15.0156
27 181 0.690938 1.51888 0.509876 14.7817 14.7817 0.606485 0.547706 14.7817
28 181 0.743896 1.49373 0.506323 14.6098 14.6098 0.633306 0.574065 14.6098
29 181 0.781364 1.45920 0.511992 14.4668 14.4668 0.676989 0.537542 14.4668
30 181 0.812891 1.43769 0.522111 14.3669 14.3669 0.722675 0.509147 14.3669
27 182 0.681048 1.51936 0.510915 10.5013 10.5013 0.604438 0.539258 10.5013
29 182 0.776117 1.46422 0.510629 10.2727 10.2727 0.669489 0.542704 10.2727
28 183 0.730150 1.50472 0.506774 14.7398 14.7398 0.622902 0.586694 14.7398
29 183 0.770744 1.46955 0.509417 14.5892 14.5892 0.662149 0.548092 14.5892
27 184 0.659298 1.51499 0.512558 10.6006 10.6006 0.602000 0.522882 10.6006
29 184 0.765201 1.47509 0.508391 10.3599 10.3599 0.655052 0.553675 10.3599
27 185 0.646976 1.50863 0.512567 15.0629 15.0629 0.601511 0.515001 15.0629
28 185 0.714415 1.51244 0.507589 14.8716 14.8716 0.614526 0.570336 14.8716
29 185 0.759418 1.48067 0.507552 14.7133 14.7133 0.648273 0.559419 14.7133
29 186 0.753369 1.48619 0.506920 10.4482 10.4482 0.641878 0.565293 10.4482
27 187 0.614180 1.47380 0.505764 15.2116 15.2116 0.601511 0.499910 15.2116
28 187 0.697347 1.51783 0.509194 15.0054 15.0054 0.608204 0.553520 15.0054
29 187 0.746999 1.49146 0.506483 14.8390 14.8390 0.635917 0.571266 14.8390
30 187 0.782577 1.45808 0.512330 14.6997 14.6997 0.678754 0.536373 14.6997
31 187 0.813058 1.43762 0.522169 14.6039 14.6039 0.722909 0.508971 14.6039
27 188 0.578414 1.40745 0.485596 10.8235 10.8235 0.601759 0.492670 10.8235
29 188 0.740050 1.49588 0.506070 10.5376 10.5376 0.630419 0.577311 10.5376
31 188 0.808061 1.44002 0.520462 10.3550 10.3550 0.715870 0.514227 10.3550
29 189 0.734239 1.50287 0.506856 14.9663 14.9663 0.625397 0.583410 14.9663
31 189 0.803118 1.44272 0.518794 14.6984 14.6984 0.708812 0.518807 14.6984
29 190 0.726697 1.50655 0.506859 10.6282 10.6282 0.620849 0.583627 10.6282
31 190 0.798223 1.44575 0.517170 10.4334 10.4334 0.701733 0.522557 10.4334
28 191 0.657189 1.51412 0.512624 15.2795 15.2795 0.601881 0.521458 15.2795
29 191 0.719138 1.51034 0.507250 15.0953 15.0953 0.616772 0.575334 15.0953
30 191 0.761566 1.47862 0.507835 14.9416 14.9416 0.650717 0.557296 14.9416
31 191 0.793368 1.44913 0.515596 14.8125 14.8125 0.694633 0.526557 14.8125
29 192 0.711296 1.51369 0.507844 10.7201 10.7201 0.613166 0.567118 10.7201
31 192 0.788539 1.45290 0.514085 10.5150 10.5150 0.687517 0.530804 10.5150
28 193 0.631082 1.49531 0.510762 15.4214 15.4214 0.601392 0.506539 15.4214
29 193 0.703115 1.51642 0.508603 15.2262 15.2262 0.610042 0.558985 15.2262
30 193 0.749804 1.48922 0.506652 15.0648 15.0648 0.638445 0.568667 15.0648
31 193 0.783708 1.45706 0.512651 14.9289 14.9289 0.680408 0.535292 14.9289
32 193 0.813215 1.43755 0.522223 14.8373 14.8373 0.723129 0.508805 14.8373
29 194 0.694549 1.51836 0.509490 10.8133 10.8133 0.607413 0.550949 10.8133
31 194 0.778838 1.46158 0.511315 10.5980 10.5980 0.673345 0.540010 10.5980
28 195 0.576176 1.40269 0.484049 15.5925 15.5925 0.601768 0.492415 15.5925
29 195 0.685551 1.51932 0.510450 15.3589 15.3589 0.605285 0.543026 15.3589
31 195 0.773883 1.46642 0.510101 15.0470 15.0470 0.666387 0.544937 15.0470
32 195 0.803579 1.44245 0.518949 14.9283 14.9283 0.709475 0.518469 14.9283
29 196 0.676063 1.51905 0.511400 10.9079 10.9079 0.603653 0.535237 10.9079
31 196 0.768794 1.47148 0.509027 10.6820 10.6820 0.659599 0.550052 10.6820
29 197 0.665998 1.51719 0.512211 15.4938 15.4938 0.602499 0.527601 15.4938
30 197 0.723451 1.50823 0.507000 15.3160 15.3160 0.619025 0.580024 15.3160
31 197 0.763546 1.47671 0.508125 15.1665 15.1665 0.653048 0.555327 15.1665
32 197 0.794124 1.44858 0.515838 15.0403 15.0403 0.695743 0.525916 15.0403
29 198 0.655194 1.51322 0.512665 11.0041 11.0041 0.601783 0.520139 11.0041
31 198 0.758077 1.48193 0.507391 10.7670 10.7670 0.646794 0.560735 10.7670
29 199 0.643304 1.50611 0.512361 15.6314 15.6314 0.601445 0.512867 15.6314
30 199 0.708339 1.51477 0.508105 15.4441 15.4441 0.611964 0.564126 15.4441
31 199 0.752365 1.48706 0.506838 15.2874 15.2874 0.640887 0.566250 15.2874
32 199 0.784767 1.45611 0.512957 15.1548 15.1548 0.681960 0.534291 15.1548
33 199 0.813363 1.43748 0.522273 15.0672 15.0672 0.723335 0.508650 15.0672
29 200 0.629451 1.49357 0.510428 11.1030 11.1030 0.601397 0.505790 11.1030
31 200 0.746362 1.49195 0.506449 10.8530 10.8530 0.635364 0.571848 10.8530
33 200 0.808664 1.43971 0.520667 10.6793 10.6793 0.716725 0.513594 10.6793
29 201 0.610879 1.46873 0.504392 15.7764 15.7764 0.601540 0.498901 15.7764
31 201 0.739796 1.49597 0.506043 15.4098 15.4098 0.630250 0.577507 15.4098
32 201 0.775288 1.46503 0.510429 15.2708 15.2708 0.668329 0.543531 15.2708
29 202 0.573967 1.39795 0.482501 11.2243 11.2243 0.601778 0.492178 11.2243
31 202 0.734503 1.50280 0.506877 10.9401 10.9401 0.625552 0.583213 10.9401
33 202 0.799405 1.44498 0.517559 10.7546 10.7546 0.703451 0.521625 10.7546
30 203 0.673771 1.51877 0.511608 15.7058 15.7058 0.603342 0.533441 15.7058
31 203 0.727418 1.50617 0.506835 15.5338 15.5338 0.621269 0.584433 15.5338
32 203 0.765378 1.47492 0.508420 15.3882 15.3882 0.655269 0.553498 15.3882
33 203 0.794836 1.44807 0.516067 15.2648 15.2648 0.696786 0.525319 15.2648
31 204 0.720374 1.50976 0.507172 11.0283 11.0283 0.617398 0.576667 11.0283
31 205 0.713095 1.51298 0.507694 15.6593 15.6593 0.613938 0.568966 15.6593
32 205 0.754717 1.48500 0.507041 15.5070 15.5070 0.643242 0.563999 15.5070
33 205 0.785760 1.45525 0.513248 15.3774 15.3774 0.683421 0.533360 15.3774
34 205 0.813502 1.43742 0.522321 15.2937 15.2937 0.723529 0.508503 15.2937
31 206 0.705528 1.51570 0.508368 11.1176 11.1176 0.610899 0.561337 11.1176
33 206 0.781207 1.45934 0.511949 10.9137 10.9137 0.676760 0.537695 10.9137
31 207 0.697635 1.51777 0.509163 15.7865 15.7865 0.608289 0.553788 15.7865
32 207 0.743004 1.49432 0.506277 15.6271 15.6271 0.632595 0.574848 15.6271
34 207 0.804422 1.44197 0.519232 15.3778 15.3778 0.710682 0.517857 15.3778
31 208 0.689380 1.51905 0.510043 11.2082 11.2082 0.606116 0.546333 11.2082
33 208 0.771897 1.46840 0.509660 10.9948 10.9948 0.663689 0.546931 10.9948
30 209 0.571785 1.39323 0.480953 16.1498 16.1498 0.601786 0.491956 16.1498
31 209 0.680720 1.51935 0.510948 15.9155 15.9155 0.604381 0.538988 15.9155
32 209 0.731116 1.50422 0.506768 15.7487 15.7487 0.623493 0.585900 15.7487
34 209 0.795506 1.44759 0.516284 15.4860 15.4860 0.697768 0.524762 15.4860
31 210 0.671597 1.51843 0.511794 11.3001 11.3001 0.603074 0.531768 11.3001
31 211 0.661917 1.51595 0.512445 16.0465 16.0465 0.602172 0.524691 16.0465
32 211 0.717449 1.51112 0.507364 15.8718 15.8718 0.615942 0.573530 15.8718
33 211 0.756887 1.48303 0.507259 15.7235 15.7235 0.645510 0.561897 15.7235
34 211 0.786694 1.45444 0.513526 15.5968 15.5968 0.684796 0.532492 15.5968
35 211 0.813633 1.43736 0.522366 15.5171 15.5171 0.723712 0.508365 15.5171
31 212 0.651503 1.51134 0.512678 11.3935 11.3935 0.601637 0.517772 11.3935
33 212 0.751476 1.48782 0.506769 11.1598 11.1598 0.640024 0.567094 11.1598
35 212 0.809199 1.43944 0.520849 10.9942 10.9942 0.717481 0.513032 10.9942
31 213 0.639975 1.50354 0.512073 16.1801 16.1801 0.601409 0.511022 16.1801
32 213 0.702854 1.51649 0.508629 15.9965 15.9965 0.609952 0.558732 15.9965
34 213 0.777826 1.46256 0.511055 15.7090 15.7090 0.671902 0.541008 15.7090
35 213 0.804807 1.44175 0.519362 15.5977 15.5977 0.711234 0.517580 15.5977
31 214 0.626378 1.49010 0.509715 11.4897 11.4897 0.601413 0.504442 11.4897
33 214 0.739567 1.49603 0.506016 11.2438 11.2438 0.630101 0.577680 11.2438
35 214 0.800455 1.44432 0.517907 11.0665 11.0665 0.704972 0.520812 11.0665
31 215 0.607756 1.46368 0.502981 16.3220 16.3220 0.601567 0.498024 16.3220
32 215 0.686987 1.51924 0.510298 16.1228 16.1228 0.605584 0.544256 16.1228
33 215 0.734739 1.50274 0.506898 15.9610 15.9610 0.625688 0.583039 15.9610
34 215 0.768641 1.47164 0.508998 15.8225 15.8225 0.659402 0.550205 15.8225
31 216 0.569628 1.38853 0.479406 11.6120 11.6120 0.601795 0.491749 11.6120
35 216 0.791849 1.45027 0.515114 11.1429 11.1429 0.692397 0.527866 11.1429
32 217 0.669531 1.51804 0.511959 16.2510 16.2510 0.602843 0.530207 16.2510
33 217 0.721455 1.50923 0.507107 16.0818 16.0818 0.617958 0.577839 16.0818
34 217 0.758895 1.48116 0.507488 15.9372 15.9372 0.647693 0.559933 15.9372
36 217 0.813756 1.43731 0.522409 15.7375 15.7375 0.723885 0.508234 15.7375
33 218 0.714662 1.51234 0.507570 11.4147 11.4147 0.614637 0.570594 11.4147
35 218 0.783293 1.45743 0.512532 11.2205 11.2205 0.679800 0.535688 11.2205
32 219 0.649790 1.51037 0.512653 16.3813 16.3813 0.601583 0.516706 16.3813
34 219 0.748341 1.49041 0.506560 16.0533 16.0533 0.637107 0.570029 16.0533
35 219 0.778978 1.46145 0.511352 15.9236 15.9236 0.673546 0.539872 15.9236
