32 221 0.624925 1.48837 0.509339 16.5156 16.5156 0.601423 0.503834 16.5156
33 221 0.692678 1.51865 0.509689 16.3279 16.3279 0.606920 0.549258 16.3279
35 221 0.770119 1.47017 0.509290 16.0353 16.0353 0.661324 0.548721 16.0353
36 221 0.796736 1.44674 0.516683 15.9193 15.9193 0.699566 0.523753 15.9193
35 222 0.765525 1.47477 0.508445 11.3785 11.3785 0.655449 0.553351 11.3785
32 223 0.567494 1.38385 0.477860 16.6896 16.6896 0.601802 0.491555 16.6896
33 223 0.676359 1.51908 0.511372 16.4534 16.4534 0.603695 0.535471 16.4534
34 223 0.725159 1.50735 0.506920 16.2892 16.2892 0.619971 0.581914 16.2892
35 223 0.760761 1.47940 0.507725 16.1482 16.1482 0.649791 0.558094 16.1482
36 223 0.788405 1.45301 0.514044 16.0266 16.0266 0.687319 0.530926 16.0266
37 223 0.813874 1.43726 0.522449 15.9549 15.9549 0.724049 0.508111 15.9549
33 224 0.667566 1.51759 0.512104 11.6792 11.6792 0.602644 0.528747 11.6792
37 224 0.809676 1.43921 0.521012 11.3004 11.3004 0.718155 0.512531 11.3004
34 225 0.712001 1.51342 0.507784 16.4093 16.4093 0.613465 0.567840 16.4093
37 225 0.805517 1.44136 0.519601 16.0286 16.0286 0.712248 0.516896 16.0286
33 226 0.648155 1.50938 0.512610 11.7701 11.7701 0.601538 0.515709 11.7701
35 226 0.745295 1.49274 0.506394 11.5399 11.5399 0.634458 0.572814 11.5399
37 226 0.801393 1.44374 0.518218 11.3699 11.3699 0.706327 0.520096 11.3699
33 227 0.636928 1.50095 0.511717 16.7109 16.7109 0.601392 0.509411 16.7109
34 227 0.697873 1.51772 0.509138 16.5308 16.5308 0.608359 0.554009 16.5308
35 227 0.739361 1.49608 0.505990 16.3776 16.3776 0.629970 0.577832 16.3776
36 227 0.771500 1.46879 0.509576 16.2454 16.2454 0.663156 0.547331 16.2454
37 227 0.797302 1.44636 0.516868 16.1316 16.1316 0.700391 0.523295 16.1316
35 228 0.734952 1.50270 0.506920 11.6218 11.6218 0.625809 0.582886 11.6218
37 228 0.793237 1.44923 0.515555 11.4440 11.4440 0.694440 0.526669 11.4440
33 229 0.604779 1.45866 0.501540 16.8501 16.8501 0.601592 0.497257 16.8501
34 229 0.682538 1.51938 0.510763 16.6538 16.6538 0.604703 0.540490 16.6538
35 229 0.728610 1.50553 0.506802 16.4942 16.4942 0.621974 0.585771 16.4942
36 229 0.762500 1.47772 0.507968 16.3565 16.3565 0.651807 0.556369 16.3565
37 229 0.789191 1.45237 0.514285 16.2373 16.2373 0.688479 0.530216 16.2373
38 229 0.813985 1.43721 0.522487 16.1696 16.1696 0.724204 0.507994 16.1696
33 230 0.565382 1.37919 0.476315 11.9879 11.9879 0.601809 0.491373 11.9879
37 230 0.785146 1.45578 0.513068 11.5193 11.5193 0.682519 0.533934 11.5193
34 231 0.665692 1.51711 0.512231 16.7786 16.7786 0.602472 0.527379 16.7786
37 231 0.781083 1.45946 0.511915 16.3445 16.3445 0.676581 0.537815 16.3445
38 231 0.805844 1.44118 0.519711 16.2398 16.2398 0.712715 0.516553 16.2398
35 232 0.709458 1.51437 0.508004 11.7886 11.7886 0.612409 0.565251 11.7886
37 232 0.776975 1.46338 0.510840 11.5955 11.5955 0.670696 0.541851 11.5955
34 233 0.646591 1.50838 0.512551 16.9054 16.9054 0.601502 0.514773 16.9054
35 233 0.702637 1.51655 0.508651 16.7314 16.7314 0.609879 0.558523 16.7314
36 233 0.742299 1.49476 0.506238 16.5822 16.5822 0.632049 0.575458 16.5822
37 233 0.772796 1.46750 0.509856 16.4528 16.4528 0.664902 0.546028 16.4528
38 233 0.797838 1.44600 0.517044 16.3411 16.3411 0.701173 0.522864 16.3411
35 234 0.695549 1.51818 0.509383 11.8735 11.8735 0.607688 0.551862 11.8735
37 234 0.768513 1.47176 0.508973 11.6725 11.6725 0.659238 0.550334 11.6725
34 235 0.622161 1.48492 0.508552 17.0366 17.0366 0.601443 0.502729 17.0366
36 235 0.731872 1.50385 0.506771 16.6969 16.6969 0.623957 0.585282 16.6969
37 235 0.764124 1.47614 0.508215 16.5622 16.5622 0.653743 0.554750 16.5622
38 235 0.789935 1.45177 0.514515 16.4454 16.4454 0.689577 0.529550 16.4454
39 235 0.814090 1.43716 0.522523 16.3817 16.3817 0.724350 0.507883 16.3817
35 236 0.680466 1.51934 0.510974 11.9594 11.9594 0.604338 0.538780 11.9594
37 236 0.759577 1.48052 0.507571 11.7503 11.7503 0.648452 0.559262 11.7503
39 236 0.810105 1.43900 0.521158 11.5986 11.5986 0.718760 0.512080 11.5986
34 237 0.563291 1.37454 0.474772 17.2135 17.2135 0.601816 0.491201 17.2135
35 237 0.672399 1.51857 0.511727 16.9745 16.9745 0.603170 0.532382 16.9745
37 237 0.754867 1.48486 0.507055 16.6728 16.6728 0.643396 0.563854 16.6728
38 237 0.782048 1.45857 0.512182 16.5510 16.5510 0.677984 0.536881 16.5510
37 238 0.749971 1.48908 0.506663 11.8288 11.8288 0.638600 0.568511 11.8288
39 238 0.802236 1.44323 0.518499 11.6655 11.6655 0.707543 0.519462 11.6655
35 239 0.654872 1.51306 0.512669 17.0986 17.0986 0.601769 0.519929 17.0986
36 239 0.707024 1.51521 0.508226 16.9300 16.9300 0.611456 0.562814 16.9300
37 239 0.744845 1.49306 0.506371 16.7844 16.7844 0.634082 0.573219 16.7844
38 239 0.774015 1.46629 0.510131 16.6577 16.6577 0.666568 0.544805 16.6577
39 239 0.798348 1.44566 0.517211 16.5480 16.5480 0.701915 0.522458 16.5480
37 240 0.739172 1.49612 0.505963 11.9082 11.9082 0.629853 0.577968 11.9082
35 241 0.634116 1.49834 0.511304 17.2255 17.2255 0.601387 0.507993 17.2255
36 241 0.693326 1.51856 0.509620 17.0485 17.0485 0.607087 0.549841 17.0485
37 241 0.735146 1.50268 0.506943 16.8972 16.8972 0.625917 0.582749 16.8972
38 241 0.765649 1.47465 0.508466 16.7655 16.7655 0.655601 0.553228 16.7655
39 241 0.790642 1.45121 0.514735 16.6508 16.6508 0.690620 0.528923 16.6508
40 241 0.814190 1.43712 0.522558 16.5911 16.5911 0.724490 0.507777 16.5911
35 242 0.620841 1.48320 0.508145 12.2268 12.2268 0.601453 0.502225 12.2268
37 242 0.729109 1.50527 0.506791 11.9883 11.9883 0.622273 0.586332 11.9883
39 242 0.786807 1.45435 0.513560 11.8106 11.8106 0.684963 0.532388 11.8106
35 243 0.601924 1.45367 0.500076 17.3625 17.3625 0.601615 0.496578 17.3625
37 243 0.723253 1.50833 0.507010 17.0112 17.0112 0.618917 0.579808 17.0112
38 243 0.756747 1.48316 0.507244 16.8744 16.8744 0.645362 0.562033 16.8744
40 243 0.806449 1.44086 0.519916 16.6541 16.6541 0.713579 0.515918 16.6541
35 244 0.561218 1.36991 0.473231 12.3532 12.3532 0.601823 0.491040 12.3532
37 244 0.717259 1.51121 0.507377 12.0694 12.0694 0.615851 0.573329 12.0694
39 244 0.779089 1.46134 0.511381 11.8847 11.8847 0.673705 0.539762 11.8847
36 245 0.662195 1.51604 0.512432 17.2902 17.2902 0.602192 0.524886 17.2902
37 245 0.711080 1.51377 0.507862 17.1264 17.1264 0.613075 0.566897 17.1264
38 245 0.747172 1.49133 0.506493 16.9843 16.9843 0.636068 0.571107 16.9843
39 245 0.775164 1.46516 0.510400 16.8602 16.8602 0.668157 0.543655 16.8602
37 246 0.704691 1.51595 0.508448 12.1513 12.1513 0.610596 0.560517 12.1513
36 247 0.643655 1.50636 0.512385 17.4139 17.4139 0.601450 0.513066 17.4139
37 247 0.698071 1.51768 0.509118 17.2429 17.2429 0.608419 0.554194 17.2429
40 247 0.791314 1.45068 0.514946 16.8538 16.8538 0.691609 0.528332 16.8538
41 247 0.814285 1.43708 0.522590 16.7982 16.7982 0.724623 0.507677 16.7982
37 248 0.691198 1.51885 0.509848 12.2342 12.2342 0.606549 0.547936 12.2342
39 248 0.762857 1.47738 0.508021 12.0349 12.0349 0.652228 0.556014 12.0349
41 248 0.810492 1.43881 0.521290 11.8894 11.8894 0.719306 0.511673 11.8894
37 249 0.684047 1.51937 0.510607 17.3608 17.3608 0.604987 0.541753 17.3608
38 249 0.726501 1.50665 0.506866 17.2075 17.2075 0.620736 0.583408 17.2075
40 249 0.783829 1.45695 0.512686 16.9565 16.9565 0.680585 0.535177 16.9565
41 249 0.806730 1.44071 0.520011 16.8575 16.8575 0.713979 0.515624 16.8575
37 250 0.676590 1.51910 0.511351 12.3180 12.3180 0.603729 0.535654 12.3180
39 250 0.754003 1.48563 0.506976 12.1111 12.1111 0.642515 0.564685 12.1111
41 250 0.802998 1.44279 0.518754 11.9538 11.9538 0.708640 0.518896 11.9538
36 251 0.559164 1.36530 0.471692 17.7231 17.7231 0.601829 0.490887 17.7231
37 251 0.668783 1.51788 0.512016 17.4801 17.4801 0.602765 0.529649 17.4801
38 251 0.714844 1.51226 0.507556 17.3208 17.3208 0.614720 0.570784 17.3208
39 251 0.749328 1.48961 0.506621 17.1820 17.1820 0.638005 0.569112 17.1820
40 251 0.776250 1.46409 0.510661 17.0602 17.0602 0.669675 0.542572 17.0602
41 251 0.799293 1.44505 0.517522 16.9543 16.9543 0.703289 0.521712 16.9543
37 252 0.660558 1.51546 0.512508 12.4030 12.4030 0.602080 0.523747 12.4030
41 252 0.795614 1.44752 0.516319 12.0237 12.0237 0.697926 0.524673 12.0237
37 253 0.651797 1.51150 0.512680 17.6012 17.6012 0.601647 0.517957 17.6012
38 253 0.702454 1.51660 0.508669 17.4354 17.4354 0.609816 0.558347 17.4354
39 253 0.738999 1.49614 0.505937 17.2913 17.2913 0.629749 0.578091 17.2913
40 253 0.768404 1.47187 0.508952 17.1650 17.1650 0.659098 0.550443 17.1650
41 253 0.791953 1.45019 0.515147 17.0543 17.0543 0.692551 0.527775 17.0543
42 253 0.814376 1.43704 0.522621 17.0028 17.0028 0.724749 0.507581 17.0028
37 254 0.642273 1.50534 0.512282 12.4894 12.4894 0.601432 0.512286 12.4894
39 254 0.735324 1.50266 0.506966 12.2658 12.2658 0.626014 0.582626 12.2658
41 254 0.788303 1.45309 0.514013 12.0950 12.0950 0.687170 0.531018 12.0950
37 255 0.631501 1.49574 0.510843 17.7252 17.7252 0.601391 0.506735 17.7252
38 255 0.689158 1.51907 0.510066 17.5512 17.5512 0.606065 0.546139 17.5512
41 255 0.784652 1.45621 0.512924 17.1556 17.1556 0.681793 0.534398 17.1556
37 256 0.618312 1.47977 0.507303 12.5792 12.5792 0.601475 0.501301 12.5792
39 256 0.724010 1.50795 0.506972 12.3442 12.3442 0.619332 0.580642 12.3442
41 256 0.780983 1.45955 0.511888 12.1670 12.1670 0.676437 0.537911 12.1670
37 257 0.599173 1.44871 0.498592 17.8605 17.8605 0.601636 0.495975 17.8605
38 257 0.674775 1.51890 0.511518 17.6684 17.6684 0.603474 0.534223 17.6684
39 257 0.718348 1.51071 0.507302 17.5133 17.5133 0.616380 0.574488 17.5133
40 257 0.751337 1.48794 0.506759 17.3774 17.3774 0.639892 0.567225 17.3774
41 257 0.777278 1.46309 0.510916 17.2580 17.2580 0.671124 0.541550 17.2580
42 257 0.799733 1.44477 0.517668 17.1539 17.1539 0.703927 0.521369 17.1539
37 258 0.557126 1.36070 0.470156 12.7088 12.7088 0.601834 0.490743 12.7088
41 258 0.773516 1.46679 0.510017 12.2397 12.2397 0.665883 0.545306 12.2397
38 259 0.658989 1.51486 0.512569 17.7872 17.7872 0.601982 0.522671 17.7872
39 259 0.706516 1.51538 0.508274 17.6260 17.6260 0.611265 0.562311 17.6260
40 259 0.741726 1.49509 0.506203 17.4852 17.4852 0.631615 0.575946 17.4852
41 259 0.769675 1.47061 0.509200 17.3613 17.3613 0.660743 0.549167 17.3613
43 259 0.814462 1.43700 0.522651 17.2052 17.2052 0.724870 0.507490 17.2052
41 260 0.765754 1.47455 0.508484 12.3131 12.3131 0.655731 0.553122 12.3131
43 260 0.810843 1.43864 0.521410 12.1734 12.1734 0.719801 0.511303 12.1734
