1 6 0.830605 1.46114 0.530558 1.87901 1.87901 0.729929 0.503631 1.82017
2 11 0.903816 1.41566 0.553715 3.47326 3.47326 0.845852 0.401936 3.47326
3 16 0.928726 1.39515 0.566284 2.94792 2.94792 0.902010 0.361111 2.94812
3 17 0.874659 1.42498 0.542924 4.34013 4.34013 0.802293 0.440516 4.34013
4 21 0.938334 1.37970 0.572900 4.76579 4.76579 0.935642 0.340851 4.76579
4 23 0.859761 1.42684 0.538047 5.06215 5.06215 0.783718 0.458083 5.06215
5 26 0.942574 1.36820 0.576660 3.74493 3.74493 0.957698 0.329113 3.74494
5 27 0.919517 1.40489 0.561098 5.42584 5.42584 0.877869 0.377535 5.42584
5 28 0.886554 1.42235 0.547003 3.93029 3.93029 0.818424 0.425541 3.93029
5 29 0.851017 1.42777 0.535172 5.69393 5.69393 0.772977 0.467963 5.69393
6 31 0.944407 1.35923 0.578849 5.77824 5.77824 0.973133 0.321569 5.77824
6 35 0.845309 1.42852 0.533263 6.26259 6.26259 0.765854 0.474294 6.26259
7 36 0.944978 1.35188 0.580089 4.40051 4.40051 0.984480 0.316350 4.40051
7 37 0.934534 1.38682 0.570076 6.33186 6.33186 0.920745 0.349460 6.33186
7 38 0.915270 1.40847 0.558952 4.55527 4.55527 0.868227 0.384555 4.55527
7 39 0.891548 1.42075 0.548817 6.55403 6.55403 0.825826 0.418914 6.55403
7 40 0.866115 1.42615 0.540117 4.71486 4.71486 0.791527 0.450722 4.71486
7 41 0.841294 1.42916 0.531903 6.78395 6.78395 0.760759 0.478704 6.78395
8 41 0.944810 1.34561 0.580717 6.63861 6.63861 0.993147 0.312537 6.63861
8 43 0.923097 1.40148 0.563018 6.84252 6.84252 0.886646 0.371376 6.84252
8 45 0.882121 1.42350 0.545449 7.05191 7.05191 0.812202 0.431242 7.05191
9 46 0.944175 1.34008 0.580928 4.97065 4.97065 0.999971 0.309634 4.97065
8 47 0.838314 1.42971 0.530886 7.26814 7.26814 0.756931 0.481956 7.26814
9 47 0.940872 1.37355 0.575034 7.12467 7.12467 0.947726 0.334275 7.12467
9 49 0.912854 1.41033 0.557790 7.31868 7.31868 0.863044 0.388442 7.31868
9 50 0.894274 1.41971 0.549840 5.24487 5.24487 0.830083 0.415187 5.24487
10 51 0.943226 1.33507 0.580845 7.39995 7.39995 1.00548 0.307354 7.39995
9 52 0.854878 1.42734 0.536447 5.38725 5.38725 0.777735 0.463631 5.38725
9 53 0.836014 1.43018 0.530097 7.72214 7.72214 0.753948 0.484454 7.72214
10 53 0.932873 1.38945 0.568937 7.58112 7.58112 0.914990 0.352940 7.58112
11 56 0.942056 1.33046 0.580545 5.48201 5.48201 1.01001 0.305515 5.48201
10 57 0.868673 1.42584 0.540952 7.95585 7.95585 0.794706 0.447707 7.95585
11 57 0.943698 1.36346 0.577903 7.83815 7.83815 0.966049 0.324966 7.83815
11 58 0.935978 1.38432 0.571108 5.60378 5.60378 0.926078 0.346313 5.60378
10 59 0.834185 1.43059 0.529468 8.15100 8.15100 0.751559 0.486435 8.15100
11 59 0.924677 1.39984 0.563902 8.01255 8.01255 0.890743 0.368575 8.01255
11 60 0.911302 1.41147 0.557065 5.72825 5.72825 0.859809 0.390909 5.72825
11 61 0.895983 1.41897 0.550494 8.19023 8.19023 0.832848 0.412801 8.19023
12 61 0.940726 1.32614 0.580082 8.09022 8.09022 1.01381 0.304003 8.09022
11 62 0.880093 1.42396 0.544753 5.85515 5.85515 0.809446 0.433801 5.85515
11 63 0.863797 1.42641 0.539362 8.37165 8.37165 0.788668 0.453428 8.37165
11 64 0.847891 1.42816 0.534130 5.98499 5.98499 0.769091 0.471440 5.98499
11 65 0.832696 1.43094 0.528955 8.55848 8.55848 0.749601 0.488044 8.55848
12 65 0.917058 1.40702 0.559839 8.42260 8.42260 0.872195 0.381633 8.42260
13 66 0.939275 1.32204 0.579495 5.94978 5.94978 1.01703 0.302736 5.94978
12 67 0.889478 1.42146 0.548056 8.59355 8.59355 0.822703 0.421688 8.59355
13 67 0.944809 1.35539 0.579562 8.49215 8.49215 0.979212 0.318740 8.49215
13 68 0.940135 1.37551 0.574387 6.06108 6.06108 0.943962 0.336285 6.06108
13 69 0.931948 1.39082 0.568324 8.65185 8.65185 0.911939 0.354820 8.65185
13 70 0.921736 1.40283 0.562275 6.17493 6.17493 0.883232 0.373746 6.17493
12 71 0.831459 1.43124 0.528528 8.94752 8.94752 0.747969 0.489377 8.94752
13 71 0.910227 1.41225 0.556573 8.81411 8.81411 0.857598 0.392614 8.81411
14 71 0.937732 1.31813 0.578809 8.72633 8.72633 1.01981 0.301660 8.72633
13 72 0.897150 1.41843 0.550945 6.29058 6.29058 0.834788 0.411142 6.29058
13 73 0.883831 1.42309 0.546043 8.97905 8.97905 0.814569 0.429061 8.97905
14 73 0.941517 1.37169 0.575626 8.87748 8.87748 0.951257 0.332421 8.87748
13 74 0.870052 1.42566 0.541403 6.40827 6.40827 0.796435 0.446066 6.40827
13 75 0.856374 1.42719 0.536939 9.14712 9.14712 0.779570 0.461940 9.14712
14 75 0.925566 1.39887 0.564410 9.03229 9.03229 0.893116 0.366974 9.03229
13 76 0.843141 1.42885 0.532530 6.52846 6.52846 0.763112 0.476679 6.52846
15 76 0.936118 1.31436 0.578045 6.38354 6.38354 1.02221 0.300735 6.38354
13 77 0.830416 1.43151 0.528167 9.32043 9.32043 0.746586 0.490500 9.32043
15 77 0.944966 1.34863 0.580465 9.09944 9.09944 0.989087 0.314305 9.09944
14 79 0.878932 1.42420 0.544359 9.34889 9.34889 0.807890 0.435253 9.34889
15 79 0.936628 1.38312 0.571589 9.24755 9.24755 0.928600 0.344850 9.24755
14 81 0.853494 1.42749 0.535991 9.51133 9.51133 0.776034 0.465189 9.51133
16 81 0.934446 1.31071 0.577218 9.31938 9.31938 1.02432 0.299932 9.31938
15 82 0.909440 1.41283 0.556219 6.69894 6.69894 0.855992 0.393862 6.69894
14 83 0.829525 1.43175 0.527859 9.67906 9.67906 0.745401 0.491459 9.67906
15 83 0.897994 1.41800 0.551273 9.55017 9.55017 0.836225 0.409922 9.55017
16 83 0.943376 1.36498 0.577525 9.45967 9.45967 0.963421 0.326254 9.45967
16 85 0.931361 1.39166 0.567941 9.60395 9.60395 0.910049 0.355997 9.60395
15 86 0.862717 1.42653 0.539010 6.91771 6.91771 0.787341 0.454680 6.91771
17 86 0.932729 1.30716 0.576338 6.78985 6.78985 1.02619 0.299227 6.78985
16 87 0.913915 1.40952 0.558295 9.75006 9.75006 0.865296 0.386743 9.75006
17 87 0.944540 1.34276 0.580866 9.66879 9.66879 0.996751 0.310993 9.66879
15 88 0.839701 1.42944 0.531360 7.03020 7.03020 0.758718 0.480444 7.03020
17 88 0.943974 1.36200 0.578248 6.88565 6.88565 0.968536 0.323761 6.88565
15 89 0.828753 1.43197 0.527592 10.0250 10.0250 0.744372 0.492287 10.0250
16 89 0.893087 1.42018 0.549392 9.89810 9.89810 0.828208 0.416821 9.89810
17 89 0.939728 1.37652 0.574040 9.80744 9.80744 0.941986 0.337354 9.80744
17 90 0.933566 1.38838 0.569406 6.98447 6.98447 0.917346 0.351505 6.98447
16 91 0.870915 1.42554 0.541686 10.0483 10.0483 0.797521 0.445035 10.0483
17 91 0.926135 1.39824 0.564739 9.94805 9.94805 0.894663 0.365939 9.94805
18 91 0.930974 1.30369 0.575417 9.87717 9.87717 1.02785 0.298604 9.87717
17 92 0.917786 1.40640 0.560207 7.08448 7.08448 0.873849 0.380429 7.08448
16 93 0.848865 1.42804 0.534455 10.2011 10.2011 0.770306 0.470360 10.2011
17 93 0.908842 1.41327 0.555953 10.0904 10.0904 0.854772 0.394816 10.0904
17 94 0.898629 1.41766 0.551521 7.18571 7.18571 0.837331 0.408988 7.18571
16 95 0.828080 1.43216 0.527359 10.3595 10.3595 0.743472 0.493009 10.3595
17 95 0.888621 1.42173 0.547745 10.2345 10.2345 0.821433 0.422825 10.2345
18 95 0.935424 1.38531 0.570707 10.1439 10.1439 0.923993 0.347535 10.1439
17 96 0.878180 1.42435 0.544104 7.28829 7.28829 0.806890 0.436189 7.28829
19 96 0.929190 1.30029 0.574459 7.17337 7.17337 1.02934 0.298050 7.17337
17 97 0.867619 1.42597 0.540607 10.3806 10.3806 0.793393 0.448953 10.3806
18 97 0.921125 1.40341 0.561947 10.2810 10.2810 0.881730 0.374799 10.2810
19 97 0.943733 1.33752 0.580918 10.2066 10.2066 1.00287 0.308430 10.2066
17 98 0.857168 1.42711 0.537199 7.39239 7.39239 0.780544 0.461039 7.39239
19 98 0.944704 1.35663 0.579347 7.26307 7.26307 0.977284 0.319629 7.26307
17 99 0.846978 1.42829 0.533824 10.5290 10.5290 0.767949 0.472452 10.5290
19 99 0.941808 1.37079 0.575902 10.3373 10.3373 0.952941 0.331546 10.3373
17 100 0.837094 1.42995 0.530468 7.49857 7.49857 0.755352 0.483282 7.49857
19 100 0.936997 1.38242 0.571866 7.35628 7.35628 0.930069 0.344005 7.35628
17 101 0.827487 1.43233 0.527153 10.6836 10.6836 0.742678 0.493645 10.6836
18 101 0.884589 1.42289 0.546308 10.5602 10.5602 0.815631 0.428086 10.5602
19 101 0.930954 1.39223 0.567679 10.4699 10.4699 0.908764 0.356803 10.4699
20 101 0.927381 1.29696 0.573472 10.4054 10.4054 1.03068 0.297553 10.4054
19 102 0.924016 1.40054 0.563529 7.45054 7.45054 0.889010 0.369754 7.45054
18 103 0.864697 1.42631 0.539655 10.7026 10.7026 0.789777 0.452380 10.7026
19 103 0.916402 1.40756 0.559511 10.6039 10.6039 0.870725 0.382710 10.6039
20 103 0.944888 1.35419 0.579757 10.5284 10.5284 0.981050 0.317900 10.5284
19 104 0.908375 1.41362 0.555749 7.54579 7.54579 0.853814 0.395568 7.54579
19 105 0.899123 1.41738 0.551713 10.7393 10.7393 0.838210 0.408249 10.7393
19 106 0.890243 1.42121 0.548336 7.64213 7.64213 0.823847 0.420668 7.64213
21 106 0.925551 1.29367 0.572459 7.53762 7.53762 1.03189 0.297105 7.53762
18 107 0.826960 1.43248 0.526971 10.9982 10.9982 0.741971 0.494209 10.9982
19 107 0.880948 1.42377 0.545046 10.8764 10.8764 0.810601 0.432726 10.8764
20 107 0.926531 1.39779 0.564970 10.7864 10.7864 0.895752 0.365214 10.7864
21 107 0.942664 1.33272 0.580718 10.7175 10.7175 1.00785 0.306388 10.7175
19 108 0.871505 1.42546 0.541880 7.73966 7.73966 0.798268 0.444327 7.73966
19 109 0.862094 1.42660 0.538807 11.0152 11.0152 0.786576 0.455401 11.0152
20 109 0.912001 1.41096 0.557389 10.9174 10.9174 0.861259 0.389800 10.9174
21 109 0.943196 1.36576 0.577323 10.8414 10.8414 0.962051 0.326932 10.8414
19 110 0.852840 1.42757 0.535776 7.83856 7.83856 0.775229 0.465923 7.83856
21 110 0.939471 1.37713 0.573825 7.71033 7.71033 0.940768 0.338018 7.71033
