-144784709118 81917915417 -211089955230 81917915417
28356741000 81917915417 -290018402100 81917915417
135986099382 81917915417 -133099369830 81917915417
-66906782519976 44317592240597 -85595698966680 44317592240597
-65474606736 81917915417 -5299514640 81917915417
-190757855736 81917915417 -110537443800 81917915417
18676085877162 44317592240597 -28386720607770 44317592240597
-52446498608700 44317592240597 46036881455040 44317592240597
-26555211803862 44317592240597 -53597127977190 44317592240597
-135986099382 81917915417 133099369830 81917915417
-166810896000 83147452609 191980530000 83147452609
-339777466686 83147452609 106042802670 83147452609
-164037270600 83147452609 25929688680 83147452609
-616564746 153692149 199204110 153692149
-121905233100 83147452609 -47767497120 83147452609
-170481756186 83147452609 -234698096430 83147452609
-112141008 153692149 51120720 153692149
-647561754 153692149 22319010 153692149
-557771508 153692149 -323208900 153692149
51061337586 83147452609 38170230210 83147452609
2484814500 83147452609 -148760369100 83147452609
-63441910728 83147452609 193707150840 83147452609
63721762272 83147452609 -73336562460 83147452609
-126582852186 83147452609 326885794830 83147452609
-535420746 153692149 662254110 153692149
-355840254 153692149 662254110 153692149
-770473746 153692149 168642810 153692149
-179849152728 83147452609 95925067560 83147452609
-374524345314 83147452609 310980397770 83147452609
-325947822228 83147452609 124049798460 83147452609
-801470754 153692149 287924490 153692149
-711680508 153692149 -57603420 153692149
-590893254 153692149 464809590 153692149
-680683500 153692149 -176885100 153692149
-30997008 153692149 119281680 153692149
-46410907914 83147452609 -43706456010 83147452609
68092340400 83147452609 111830464620 83147452609
-45094691508300 44982771861469 120817499050080 44982771861469
-107040948846174 44982771861469 36672024989250 44982771861469
-214081759963638 44317592240597 34119971589690 44317592240597
-188190473158800 44317592240597 -65514037842540 44317592240597
-84252111164791416 23975817402162977 25582336312622040 23975817402162977
-30241795500 81917915417 373632266700 81917915417
-155525044500 81917915417 268394337540 81917915417
-219904650882 81917915417 358280955270 81917915417
-172046449764 81917915417 174114579240 81917915417
-263154402882 81917915417 111475305270 81917915417
-90012952764 81917915417 32546858400 81917915417
-32823670034862 44317592240597 -8786852451090 44317592240597
54097848121338 44317592240597 -25519683187530 44317592240597
-37951779361939758 23975817402162977 56532393604792350 23975817402162977
-28356741000 81917915417 290018402100 81917915417
-57566087586 83147452609 351254819790 83147452609
-230532658272 83147452609 265317092460 83147452609
-54792462186 83147452609 185203978470 83147452609
291721500 153692149 639935100 153692149
-33121746 153692149 788018490 153692149
1596952728 83147452609 190991640420 83147452609
-147508103736 81917915417 136268206200 81917915417
-99649902618 81917915417 -47898169830 81917915417
90012952764 81917915417 -32546858400 81917915417
-120947733900 83147452609 -105090864480 83147452609
54792462186 83147452609 -185203978470 83147452609
164037270600 83147452609 -25929688680 83147452609
-45756635022 84395444393 -22733995410 84395444393
26867901186 83147452609 57812996430 83147452609
-96341742 155998973 662254110 155998973
233377200 155998973 511948080 155998973
-33105983778 84395444393 209688951150 84395444393
-82411610400 84395444393 19952639280 84395444393
-198633481578 84395444393 13678774830 6491957261
-204055992 153692149 316726200 153692149
6274571814 83147452609 406675236870 83147452609
-42301951272 83147452609 219744637560 83147452609
-590893254 153692149 522413010 153692149
-609462 288353 1574370 288353
-272538 288353 1574370 288353
168462 288353 92610 22181
-453408858 155998973 792834210 155998973
-68092340400 83147452609 111830464620 83147452609
-309178440900 83147452609 -59518409580 83147452609
-680683500 153692149 176885100 153692149
30997008 153692149 119281680 153692149
-114891084 155998973 442120140 155998973
-544546800 155998973 -141508080 155998973
-770473746 153692149 464809590 153692149
-1050462 288353 92610 22181
-168462 288353 92610 22181
-635684742 155998973 209205990 155998973
-90878474358 83147452609 127412189730 83147452609
-563096142 155998973 339786090 155998973
-415653084 155998973 189480060 155998973
-63721762272 83147452609 73336562460 83147452609
-208668675600 84395444393 9420103980 6491957261
-19844177094 6491957261 -67274960130 84395444393
-374196173400 84395444393 90596473380 84395444393
46410907914 83147452609 -43706456010 83147452609
-194675192586 83147452609 -215055330210 83147452609
179849152728 83147452609 95925067560 83147452609
-353472084 155998973 58899960 155998973
-206029026 155998973 209205990 155998973
17440278156 84395444393 72034651080 84395444393
-92182178617326 44982771861469 88442932942350 44982771861469
-19992088172952 44982771861469 163983587193720 44982771861469
-46271987162478 44982771861469 62854132967010 44982771861469
112141008 153692149 51120720 153692149
81144000 153692149 228005820 153692149
448205058 155998973 481294170 155998973
563096142 155998973 339786090 155998973
272538 288353 1574370 288353
609462 288353 1574370 288353
1050462 288353 92610 22181
590893254 153692149 464809590 153692149
-291721500 153692149 639935100 153692149
33121746 153692149 788018490 153692149
-210577500 153692149 176885100 153692149
63441910728 83147452609 193707150840 83147452609
-128901981222 84395444393 338326834230 84395444393
-245123852400 84395444393 180455400720 84395444393
-67511519586 83147452609 482099043510 83147452609
453408858 155998973 792834210 155998973
146512599156 84395444393 199017223020 84395444393
22523559930522 44982771861469 81616515928290 44982771861469
-397103742 155998973 409614030 155998973
36285198642 83147452609 234229675050 83147452609
272538 288353 1018710 288353
214827858 155998973 409614030 155998973
355840254 153692149 662254110 153692149
-609462 288353 1018710 288353
-133438244814 83147452609 234229675050 83147452609
-616564746 153692149 491851710 153692149
-96341742 155998973 39174030 155998973
-206029026 155998973 492222150 155998973
-505386 288353 648270 288353
-182014767900 83147452609 47299075740 83147452609
-58793238 153692149 168642810 153692149
84861721728 83147452609 326562122880 83147452609
-51061337586 83147452609 38170230210 83147452609
-361345723578 84395444393 22583967210 84395444393
-520793658 155998973 -232914150 155998973
-214827858 155998973 409614030 155998973
-635684742 155998973 -91406070 155998973
121905233100 83147452609 -47767497120 83147452609
18549342 155998973 -7871850 11999921
-67384800 155998973 -141508080 155998973
-179849152728 83147452609 127088517780 83147452609
208668675600 84395444393 9420103980 6491957261
-145271963844 84395444393 128373388920 84395444393
33105983778 84395444393 209688951150 84395444393
-111612787851726 44982771861469 73011696118830 44982771861469
-101368954745226 44982771861469 -86674432193370 44982771861469
-182596739687838 44317592240597 116848633136130 44317592240597
-54097848121338 44317592240597 25519683187530 44317592240597
-67218715195583616 23975817402162977 70338542209246080 23975817402162977
10494809514 83147452609 342143847990 83147452609
-116668863486 83147452609 235326362670 83147452609
-6274571814 83147452609 406675236870 83147452609
-296518016214 83147452609 171025202250 83147452609
-309178440900 83147452609 219744637560 83147452609
-84861721728 83147452609 326562122880 83147452609
29287756430100 44982771861469 125589118168080 44982771861469
19992088172952 44982771861469 163983587193720 44982771861469
39204342872748900 23975817402162977 37465455996426780 23975817402162977
727024665897558 23975817402162977 77728624712406990 23975817402162977
159421059882 81917915417 388983578130 81917915417
34137810882 81917915417 283745648970 81917915417
-73491547500 81917915417 126826616700 81917915417
99649902618 81917915417 47898169830 81917915417
69783934726800 44317592240597 -481792967460 44317592240597
188190473158800 44317592240597 65514037842540 44317592240597
17558934814119384 23975817402162977 61025430785436180 23975817402162977
172046449764 81917915417 -174114579240 81917915417
-81144000 153692149 228005820 153692149
64118754 153692149 79922430 153692149
80491143600 83147452609 22358276640 83147452609
30997008 153692149 -119281680 153692149
680683500 153692149 176885100 153692149
590893254 153692149 522413010 153692149
29429806014 83147452609 46975403790 83147452609
711680508 153692149 57603420 153692149
277371299142 83147452609 62880800850 83147452609
557771508 153692149 323208900 153692149
189735952014 83147452609 181632566430 83147452609
-58793238 153692149 522413010 153692149
179849152728 83147452609 127088517780 83147452609
131272629642 83147452609 -59842081530 83147452609
-202608097272 83147452609 -22300117560 83147452609
-26867901186 83147452609 57812996430 83147452609
88335048456648 44982771861469 -53609948442540 44982771861469
32767393037022 44982771861469 -78069612383910 44982771861469
325947822228 83147452609 -124049798460 83147452609
218299966542 83147452609 -92332447830 83147452609
-42301951272 83147452609 -59518409580 83147452609
182014767900 83147452609 47299075740 83147452609
199364970042 83147452609 202835996370 83147452609
133438244814 83147452609 234229675050 83147452609
-90878474358 83147452609 -32814038250 83147452609
101477846874474 44982771861469 50048463916710 44982771861469
92182178617326 44982771861469 88442932942350 44982771861469
77681661079600242 23975817402162977 -2797712719553430 23975817402162977
26555211803862 44317592240597 53597127977190 44317592240597
-40351570716114 44317592240597 -31998570989490 44317592240597
-8866550440314 44317592240597 50730090556950 44317592240597
-76644788149314 44317592240597 -6203629118610 44317592240597
-21736285432031016 23975817402162977 85325307280746120 23975817402162977
-54753640593117858 23975817402162977 40475769606323730 23975817402162977
-61758752149819116 23975817402162977 -14774164181156520 23975817402162977
144784709118 81917915417 211089955230 81917915417
118174108500 83147452609 271141705800 83147452609
120947733900 83147452609 105090864480 83147452609
616564746 153692149 491851710 153692149
177337148814 83147452609 110878526430 83147452609
25633346382 81917915417 57339759330 81917915417
73491547500 81917915417 -126826616700 81917915417
263154402882 81917915417 -111475305270 81917915417
230532658272 83147452609 -265317092460 83147452609
339777466686 83147452609 -106042802670 83147452609
132621312600 84395444393 -104049557640 84395444393
202608097272 83147452609 -22300117560 83147452609
563096142 155998973 361642050 155998973
145271963844 84395444393 128373388920 84395444393
95966337222 84395444393 -61362922950 84395444393
-20255533956 84395444393 96508510560 84395444393
-30997008 153692149 -119281680 153692149
680683500 153692149 -176885100 153692149
544546800 155998973 141508080 155998973
114891084 155998973 -442120140 155998973
1050462 288353 92610 288353
635684742 155998973 -91406070 155998973
770473746 153692149 168642810 153692149
168462 288353 92610 288353
90878474358 83147452609 -32814038250 83147452609
453408858 155998973 492222150 155998973
609462 288353 1018710 288353
-168462 288353 92610 288353
353472084 155998973 58899960 155998973
-6274571814 83147452609 246449008890 83147452609
42301951272 83147452609 59518409580 83147452609
590893254 153692149 226246230 153692149
146098669500 83147452609 -188350958880 83147452609
309178440900 83147452609 -219744637560 83147452609
-81996012000 81917915417 -99579272940 81917915417
-34137810882 81917915417 -283745648970 81917915417
155525044500 81917915417 -268394337540 81917915417
33121746 153692149 -96962670 153692149
204055992 153692149 316726200 153692149
-179849152728 83147452609 -64301160420 83147452609
58793238 153692149 168642810 153692149
-46410907914 83147452609 -203932683990 83147452609
116668863486 83147452609 -235326362670 83147452609
190757855736 81917915417 110537443800 81917915417
121876085830338 44317592240597 31414036488030 44317592240597
50753501344476 44317592240597 105837638550840 44317592240597
76644788149314 44317592240597 6203629118610 44317592240597
-118174108500 83147452609 -271141705800 83147452609
57566087586 83147452609 -351254819790 83147452609
166810896000 83147452609 -191980530000 83147452609
-42941379222 84395444393 -191277157050 84395444393
-18549342 155998973 -7871850 11999921
-109687284 155998973 -453048120 155998973
96341742 155998973 39174030 155998973
-238312475100 83147452609 5298032880 83147452609
-189735952014 83147452609 -181632566430 83147452609
63441910728 83147452609 180154047780 83147452609
-129067666686 83147452609 164572322670 83147452609
-80491143600 83147452609 -22358276640 83147452609
42941379222 84395444393 191277157050 84395444393
-132621312600 84395444393 104049557640 84395444393
45756635022 84395444393 22733995410 84395444393
-101477846874474 44982771861469 50048463916710 44982771861469
-29287756430100 44982771861469 125589118168080 44982771861469
-55567655419626 44982771861469 24459663941370 44982771861469
-88335048456648 44982771861469 -53609948442540 44982771861469
-146512599156 84395444393 199017223020 84395444393
-17440278156 84395444393 -72034651080 84395444393
-69783934726800 44317592240597 -481792967460 44317592240597
32823670034862 44317592240597 -8786852451090 44317592240597
46410907914 83147452609 -203932683990 83147452609
-146098669500 83147452609 -188350958880 83147452609
101368954745226 44982771861469 -86674432193370 44982771861469
75089055755700 44982771861469 -187803886420080 44982771861469
61758752149819116 23975817402162977 -14774164181156520 23975817402162977
179849152728 83147452609 -64301160420 83147452609
296518016214 83147452609 171025202250 83147452609
247941493128 83147452609 -15905397060 83147452609
-29429806014 83147452609 46975403790 83147452609
397103742 155998973 409614030 155998973
635684742 155998973 209205990 155998973
453408858 155998973 -91406070 155998973
520793658 155998973 -232914150 155998973
429655716 155998973 -583628220 155998973
-114891084 155998973 -442120140 155998973
544546800 155998973 -141508080 155998973
361345723578 84395444393 22583967210 84395444393
312040096956 84395444393 -167152344660 84395444393
245123852400 84395444393 180455400720 84395444393
374196173400 84395444393 -90596473380 84395444393
20255533956 84395444393 -96508510560 84395444393
198633481578 84395444393 -13678774830 6491957261
54753640593117858 23975817402162977 40475769606323730 23975817402162977
107040948846174 44982771861469 36672024989250 44982771861469
-23386631524326 44982771861469 -56027715952950 44982771861469
81996012000 81917915417 -99579272940 81917915417
65474606736 81917915417 -5299514640 81917915417
-25633346382 81917915417 57339759330 81917915417
147508103736 81917915417 136268206200 81917915417
182596739687838 44317592240597 116848633136130 44317592240597
214081759963638 44317592240597 34119971589690 44317592240597
30241795500 81917915417 373632266700 81917915417
219904650882 81917915417 358280955270 81917915417
129067666686 83147452609 164572322670 83147452609
535420746 153692149 662254110 153692149
770473746 153692149 464809590 153692149
801470754 153692149 287924490 153692149
647561754 153692149 22319010 153692149
238312475100 83147452609 5298032880 83147452609
210577500 153692149 -176885100 153692149
179849152728 83147452609 246772680840 83147452609
67511519586 83147452609 482099043510 83147452609
194675192586 83147452609 215055330210 83147452609
374524345314 83147452609 310980397770 83147452609
6274571814 83147452609 246449008890 83147452609
309178440900 83147452609 59518409580 83147452609
111612787851726 44982771861469 73011696118830 44982771861469
23386631524326 44982771861469 56027715952950 44982771861469
67218715195583616 23975817402162977 70338542209246080 23975817402162977
52446498608700 44317592240597 46036881455040 44317592240597
-50753501344476 44317592240597 105837638550840 44317592240597
-39204342872748900 23975817402162977 37465455996426780 23975817402162977
-727024665897558 23975817402162977 77728624712406990 23975817402162977
-159421059882 81917915417 388983578130 81917915417
-63441910728 83147452609 180154047780 83147452609
-590893254 153692149 226246230 153692149
-10494809514 83147452609 342143847990 83147452609
8866550440314 44317592240597 50730090556950 44317592240597
-33121746 153692149 -96962670 153692149
-64118754 153692149 79922430 153692149
300762000 155998973 330988140 155998973
415653084 155998973 189480060 155998973
-453408858 155998973 -91406070 155998973
-272538 288353 1018710 288353
-1050462 288353 92610 288353
-563096142 155998973 361642050 155998973
-233377200 155998973 511948080 155998973
67384800 155998973 141508080 155998973
-36285198642 83147452609 234229675050 83147452609
616564746 153692149 199204110 153692149
58793238 153692149 522413010 153692149
96341742 155998973 662254110 155998973
505386 288353 648270 288353
206029026 155998973 209205990 155998973
-448205058 155998973 481294170 155998973
-300762000 155998973 330988140 155998973
-2484814500 83147452609 148760369100 83147452609
-312040096956 84395444393 167152344660 84395444393
126582852186 83147452609 326885794830 83147452609
-453408858 155998973 492222150 155998973
-429655716 155998973 583628220 155998973
-199364970042 83147452609 202835996370 83147452609
-544546800 155998973 141508080 155998973
114891084 155998973 442120140 155998973
170481756186 83147452609 234698096430 83147452609
109687284 155998973 453048120 155998973
206029026 155998973 492222150 155998973
-179849152728 83147452609 246772680840 83147452609
-131272629642 83147452609 59842081530 83147452609
128901981222 84395444393 338326834230 84395444393
19844177094 6491957261 67274960130 84395444393
-95966337222 84395444393 61362922950 84395444393
82411610400 84395444393 -19952639280 84395444393
21736285432031016 23975817402162977 85325307280746120 23975817402162977
45094691508300 44982771861469 120817499050080 44982771861469
-75089055755700 44982771861469 187803886420080 44982771861469
-18676085877162 44317592240597 -28386720607770 44317592240597
-121876085830338 44317592240597 31414036488030 44317592240597
-77681661079600242 23975817402162977 -2797712719553430 23975817402162977
66906782519976 44317592240597 -85595698966680 44317592240597
40351570716114 44317592240597 -31998570989490 44317592240597
-177337148814 83147452609 110878526430 83147452609
-1596952728 83147452609 190991640420 83147452609
42301951272 83147452609 -219744637560 83147452609
-247941493128 83147452609 15905397060 83147452609
-218299966542 83147452609 -92332447830 83147452609
-277371299142 83147452609 62880800850 83147452609
90878474358 83147452609 127412189730 83147452609
55567655419626 44982771861469 -24459663941370 44982771861469
-32767393037022 44982771861469 -78069612383910 44982771861469
-22523559930522 44982771861469 81616515928290 44982771861469
46271987162478 44982771861469 -62854132967010 44982771861469
-17558934814119384 23975817402162977 61025430785436180 23975817402162977
37951779361939758 23975817402162977 56532393604792350 23975817402162977
84252111164791416 23975817402162977 25582336312622040 23975817402162977
-12630962828106 43662248917261 135847043610390 43662248917261
88459339090500 43662248917261 127664794618200 43662248917261
97848883284894 43662248917261 26679474891090 43662248917261
13862654542800 44317592240597 68394857112540 44317592240597
-37155350736 81917915417 54170922960 81917915417
-53676756000 81917915417 148450681260 81917915417
-15341727802338 44317592240597 -30318863411970 44317592240597
-107532909977976 44317592240597 15485945254920 44317592240597
-13863385464138 44317592240597 58186235011590 44317592240597
-380420711118 81917915417 125888755230 81917915417
-41015495715138 44317592240597 185229708398910 44317592240597
-66906782519976 44317592240597 85595698966680 44317592240597
-298387214118 81917915417 267456476070 81917915417
-125245764000 81917915417 346384922940 81917915417
-65474606736 81917915417 5299514640 81917915417
44567372682000 44317592240597 128020730040000 44317592240597
18676085877162 44317592240597 28386720607770 44317592240597
76052392957800 44317592240597 45292068493560 44317592240597
-52446498608700 44317592240597 -46036881455040 44317592240597
-97848883284894 43662248917261 -26679474891090 43662248917261
-36315017637349500 23621276664238201 -21626962705674900 23621276664238201
-81930686493024054 23621276664238201 8865422759624130 23621276664238201
-27240833155058208 23621276664238201 4438826054849340 23621276664238201
-309127549500 81917915417 -212027816700 81917915417
-325648954764 81917915417 -117748058400 81917915417
-416756907882 81917915417 -55108784430 81917915417
-243615457764 81917915417 23819662440 81917915417
-343265360382 81917915417 71717832270 81917915417
-153602505000 81917915417 56366520840 81917915417
-52307647686 83147452609 -36443609370 83147452609
8929300086 83147452609 -111867416010 83147452609
-113132449861326 44982771861469 -1910742022350 44982771861469
-399488252814 83147452609 -76375744830 83147452609
-851617746 153692149 -1759590 153692149
-616564746 153692149 -199204110 153692149
-457951575186 83147452609 165098903130 83147452609
-282211379100 83147452609 245212017120 83147452609
-121905233100 83147452609 47767497120 83147452609
-112141008 153692149 -51120720 153692149
-728705754 153692149 440730990 153692149
-403862508 153692149 588814380 153692149
-647561754 153692149 -22319010 153692149
-230192542314 83147452609 264365154270 83147452609
-54452346228 83147452609 344478268260 83147452609
-83489727818700 44982771861469 98284610329920 44982771861469
51061337586 83147452609 -38170230210 83147452609
-63441910728 83147452609 -193707150840 83147452609
-103026829695174 44982771861469 75532634040150 44982771861469
-164973087033048 44982771861469 -8612840020680 44982771861469
-210577500 153692149 -119281680 153692149
-78006329100 83147452609 -139955195520 83147452609
-126582852186 83147452609 -326885794830 83147452609
-770473746 153692149 -464809590 153692149
-535420746 153692149 -662254110 153692149
-355840254 153692149 -662254110 153692149
-770473746 153692149 -168642810 153692149
-307012825728 83147452609 171118645740 83147452609
-179849152728 83147452609 -95925067560 83147452609
-374524345314 83147452609 -310980397770 83147452609
-882614754 153692149 175125510 153692149
-801470754 153692149 -287924490 153692149
-195283202814 83147452609 -150469116210 83147452609
-590893254 153692149 -464809590 153692149
-253746525186 83147452609 91005531750 83147452609
-78006329100 83147452609 171118645740 83147452609
-307012825728 83147452609 -139955195520 83147452609
-173574580914 83147452609 310750169310 83147452609
-46410907914 83147452609 43706456010 83147452609
-234811528686 83147452609 75100134690 83147452609
68092340400 83147452609 -111830464620 83147452609
-156224378772 83147452609 155213248680 83147452609
-18814792518774 44982771861469 -19688044823370 44982771861469
-45094691508300 44982771861469 -120817499050080 44982771861469
-107040948846174 44982771861469 -36672024989250 44982771861469
-2299185141892884 23975817402162977 20929580287053480 23975817402162977
-76052392957800 44317592240597 -45292068493560 44317592240597
-214081759963638 44317592240597 -34119971589690 44317592240597
-179252392910976 44317592240597 14508688602240 44317592240597
-108722243210225400 23975817402162977 -11943505925765820 23975817402162977
-70244925003374058 23975817402162977 28319662790214390 23975817402162977
-84252111164791416 23975817402162977 -25582336312622040 23975817402162977
-88459339090500 43662248917261 -127664794618200 43662248917261
-31235274228182346 23621276664238201 -76260020678041410 23621276664238201
-76850943083856900 23621276664238201 -45767635212742380 23621276664238201
-22161089745891054 23621276664238201 -50194231917517170 23621276664238201
-127168303500 81917915417 21624064560 81917915417
45973146618 81917915417 100552511430 81917915417
153602505000 81917915417 -56366520840 81917915417
-30241795500 81917915417 -373632266700 81917915417
-219904650882 81917915417 -358280955270 81917915417
-50175349783524 44317592240597 -106112948817960 44317592240597
-32823670034862 44317592240597 8786852451090 44317592240597
-8086656116700 44317592240597 -99909268115580 44317592240597
-110694260878362 44317592240597 -91604208631950 44317592240597
-62421911407373742 23975817402162977 -42893563217936130 23975817402162977
-23944593200522400 23975817402162977 -2630394501955920 23975817402162977
-37951779361939758 23975817402162977 -56532393604792350 23975817402162977
-32528763592074792 23621276664238201 54620828622291960 23621276664238201
22161089745891054 23621276664238201 50194231917517170 23621276664238201
27240833155058208 23621276664238201 -4438826054849340 23621276664238201
-18433779606927950958 12779110675352866741 12322299057703983810 12779110675352866741
-201498191118 81917915417 -368946848970 81917915417
-218019596382 81917915417 -274667090670 81917915417
-235636002000 81917915417 -85201200000 81917915417
-45973146618 81917915417 -100552511430 81917915417
56937160728 83147452609 -195717899160 83147452609
54452346228 83147452609 -344478268260 83147452609
-54031008509352 44982771861469 -88078132798740 44982771861469
291721500 153692149 -639935100 153692149
403862508 153692149 -588814380 153692149
106471183014 83147452609 -325325131110 83147452609
-33121746 153692149 -788018490 153692149
48007860642 83147452609 -83850483150 83147452609
-478752246 153692149 -413688870 153692149
50173475814 83147452609 -4061041110 83147452609
1596952728 83147452609 -190991640420 83147452609
125245764000 81917915417 -346384922940 81917915417
41202746520138 44317592240597 -133797115333350 44317592240597
243615457764 81917915417 -23819662440 81917915417
-147508103736 81917915417 -136268206200 81917915417
-83128497354 81917915417 -46381588470 81917915417
31672271080800 44317592240597 -31296068480880 44317592240597
52018836786 83147452609 19153137150 83147452609
-11702925486 83147452609 -54183425310 83147452609
-28472306814 83147452609 41511413790 83147452609
13863385464138 44317592240597 -58186235011590 44317592240597
-125352989622 84395444393 171324517770 84395444393
-18582681600 6491957261 13453084260 84395444393
70465236156 84395444393 180605428920 84395444393
-221319326844 84395444393 109961594820 84395444393
-21708621900 83147452609 129117602880 83147452609
26867901186 83147452609 -57812996430 83147452609
14846382306 6491957261 -159262250490 84395444393
47302927578648 44982771861469 -109346443452540 44982771861469
-220031658 155998973 -603354150 155998973
-334922742 155998973 -461846070 155998973
-96341742 155998973 -662254110 155998973
282211379100 83147452609 -245212017120 83147452609
319311342 155998973 -472774050 155998973
233377200 155998973 -511948080 155998973
-19543006728 83147452609 -70356002220 83147452609
40126123422 84395444393 -359820318690 84395444393
-135436568400 84395444393 -272592719280 84395444393
-57068186761026 44982771861469 -114293169095490 44982771861469
-33105983778 84395444393 -209688951150 84395444393
-204055992 153692149 -316726200 153692149
-156805199586 83147452609 -375281558190 83147452609
6274571814 83147452609 -406675236870 83147452609
-590893254 153692149 -522413010 153692149
-882000 288353 0 1
-1050462 288353 -92610 22181
-609462 288353 -1574370 288353
-272538 288353 -1574370 288353
168462 288353 -92610 22181
-869061942 155998973 -280886130 155998973
-453408858 155998973 -792834210 155998973
-98781593022 84395444393 -17685083430 6491957261
-108218244500352 44982771861469 -146999607027840 44982771861469
-68092340400 83147452609 -111830464620 83147452609
-81932647664700 44982771861469 60317217690660 44982771861469
-143878905002574 44982771861469 -23828256370170 44982771861469
-444610026 155998973 -8797950 155998973
-168462 288353 -92610 22181
-946386 288353 -277830 288353
-635684742 155998973 -209205990 155998973
-293846238 153692149 -324968490 153692149
-90878474358 83147452609 -127412189730 83147452609
-293914304586 83147452609 191028591810 83147452609
-8929300086 83147452609 111867416010 83147452609
-563096142 155998973 -339786090 155998973
-439406226 155998973 302742090 155998973
-415653084 155998973 -189480060 155998973
-365476148100 83147452609 101519452440 83147452609
-239461958358 83147452609 -153449676450 83147452609
-256231339686 83147452609 -57754837350 83147452609
-310999260222 84395444393 -185365119870 84395444393
-150643101502152 44982771861469 -67800858609960 44982771861469
-208668675600 84395444393 -9420103980 6491957261
46410907914 83147452609 43706456010 83147452609
-19986390326826 44982771861469 144462691751490 44982771861469
179849152728 83147452609 -95925067560 83147452609
72201297042 83147452609 -64207716930 83147452609
-353472084 155998973 -58899960 155998973
99936774 155998973 433322190 155998973
-206029026 155998973 -209205990 155998973
133662149334 84395444393 85836782430 84395444393
-158122413666 84395444393 15192948330 84395444393
-118462077606852 44982771861469 12686521284360 44982771861469
-92182178617326 44982771861469 -88442932942350 44982771861469
-19992088172952 44982771861469 -163983587193720 44982771861469
347194008 153692149 146323800 153692149
112141008 153692149 -51120720 153692149
-8646246 153692149 117522090 153692149
81144000 153692149 -228005820 153692149
448205058 155998973 -481294170 155998973
563096142 155998973 -339786090 155998973
272538 288353 -1574370 288353
609462 288353 -1574370 288353
1050462 288353 -92610 22181
882000 288353 0 1
-67384800 155998973 -442120140 155998973
590893254 153692149 -464809590 153692149
212025394728 83147452609 -219744637560 83147452609
-291721500 153692149 -639935100 153692149
33121746 153692149 -788018490 153692149
19515817314 83147452609 -235326362670 83147452609
-177072084 155998973 -311540040 155998973
63441910728 83147452609 -193707150840 83147452609
-128901981222 84395444393 -338326834230 84395444393
-245123852400 84395444393 -180455400720 84395444393
173574580914 83147452609 -310750169310 83147452609
-67511519586 83147452609 -482099043510 83147452609
307012825728 83147452609 -171118645740 83147452609
453408858 155998973 -792834210 155998973
2503998 11999921 -291814110 155998973
146512599156 84395444393 -199017223020 84395444393
22523559930522 44982771861469 -81616515928290 44982771861469
-505386 288353 -648270 288353
-397103742 155998973 -409614030 155998973
-58793238 153692149 -522413010 153692149
36285198642 83147452609 -234229675050 83147452609
272538 288353 -1018710 288353
214827858 155998973 -409614030 155998973
355840254 153692149 -662254110 153692149
84861721728 83147452609 -326562122880 83147452609
-609462 288353 -1018710 288353
-182014767900 83147452609 -47299075740 83147452609
-133438244814 83147452609 -234229675050 83147452609
-616564746 153692149 -491851710 153692149
-156224378772 83147452609 -155213248680 83147452609
-96341742 155998973 -39174030 155998973
-946386 288353 277830 288353
-206029026 155998973 -492222150 155998973
2503998 11999921 291814110 155998973
-230591290986 83147452609 139631523570 83147452609
176259762 153692149 28801710 153692149
-58793238 153692149 -168642810 153692149
-78218049672 83147452609 -295168444200 83147452609
-391899942 155998973 -19725930 155998973
-51061337586 83147452609 -38170230210 83147452609
-361345723578 84395444393 -22583967210 84395444393
78006329100 83147452609 139955195520 83147452609
-520793658 155998973 232914150 155998973
-214827858 155998973 -409614030 155998973
-635684742 155998973 91406070 155998973
121905233100 83147452609 47767497120 83147452609
18549342 155998973 7871850 11999921
-228425675814 83147452609 59842081530 83147452609
-179849152728 83147452609 -127088517780 83147452609
208668675600 84395444393 -9420103980 6491957261
-145271963844 84395444393 -128373388920 84395444393
33105983778 84395444393 -209688951150 84395444393
7729099270613658 23975817402162977 31423308177909690 23975817402162977
18814792518774 44982771861469 19688044823370 44982771861469
-111612787851726 44982771861469 -73011696118830 44982771861469
-101368954745226 44982771861469 86674432193370 44982771861469
-44567372682000 44317592240597 -128020730040000 44317592240597
-182596739687838 44317592240597 -116848633136130 44317592240597
-147767372635176 44317592240597 -68219972944200 44317592240597
-91688847241017600 23975817402162977 -56699711822389860 23975817402162977
-67218715195583616 23975817402162977 -70338542209246080 23975817402162977
41015495715138 44317592240597 -185229708398910 44317592240597
14460283911276 44317592240597 -131632580421720 44317592240597
-225913671900 83147452609 -76052072880 83147452609
-50173475814 83147452609 4061041110 83147452609
10494809514 83147452609 -342143847990 83147452609
-6274571814 83147452609 -406675236870 83147452609
-230591290986 83147452609 -139631523570 83147452609
-296518016214 83147452609 -171025202250 83147452609
-266876489628 83147452609 -279263047140 83147452609
-84861721728 83147452609 -326562122880 83147452609
29287756430100 44982771861469 -125589118168080 44982771861469
-59047292026548 44982771861469 -179199066610620 44982771861469
19992088172952 44982771861469 -163983587193720 44982771861469
-31566120975536742 23975817402162977 7123431682599750 23975817402162977
23944593200522400 23975817402162977 2630394501955920 23975817402162977
39204342872748900 23975817402162977 -37465455996426780 23975817402162977
70244925003374058 23975817402162977 -28319662790214390 23975817402162977
727024665897558 23975817402162977 -77728624712406990 23975817402162977
12630962828106 43662248917261 -135847043610390 43662248917261
23454579109783500 23621276664238201 -80686617382816200 23621276664238201
32528763592074792 23621276664238201 -54620828622291960 23621276664238201
62494551882 81917915417 6272753130 81917915417
235636002000 81917915417 85201200000 81917915417
343265360382 81917915417 -71717832270 81917915417
159421059882 81917915417 -388983578130 81917915417
52432254978138 44317592240597 -114418008301590 44317592240597
69783934726800 44317592240597 481792967460 44317592240597
94520948644962 44317592240597 -108214327599210 44317592240597
-6911197231314600 23975817402162977 -47386600398579960 23975817402162977
31566120975536742 23975817402162977 -7123431682599750 23975817402162977
17558934814119384 23975817402162977 -61025430785436180 23975817402162977
76850943083856900 23621276664238201 45767635212742380 23621276664238201
81930686493024054 23621276664238201 -8865422759624130 23621276664238201
11153431048911571728 12779110675352866741 9927510240420822420 12779110675352866741
44878146264 81917915417 195738643800 81917915417
218019596382 81917915417 274667090670 81917915417
325648954764 81917915417 117748058400 81917915417
-1095000354 81917915417 95186132370 81917915417
53676756000 81917915417 -148450681260 81917915417
25698681414 83147452609 -207562255110 83147452609
-147267889272 83147452609 -121624527780 83147452609
28472306814 83147452609 -41511413790 83147452609
-81144000 153692149 -228005820 153692149
22027821228 83147452609 219116371320 83147452609
64118754 153692149 -79922430 153692149
194994391914 83147452609 133178643990 83147452609
256231339686 83147452609 57754837350 83147452609
307012825728 83147452609 139955195520 83147452609
78006329100 83147452609 -171118645740 83147452609
590893254 153692149 -522413010 153692149
176259762 153692149 -28801710 153692149
29429806014 83147452609 -46975403790 83147452609
386837262 153692149 -205686810 153692149
277371299142 83147452609 -62880800850 83147452609
232928262 153692149 -471292290 153692149
304239200328 83147452609 -26095645800 83147452609
365476148100 83147452609 -101519452440 83147452609
-97733866986 83147452609 -251231759730 83147452609
-156197189358 83147452609 -9757111770 83147452609
19543006728 83147452609 70356002220 83147452609
179849152728 83147452609 -127088517780 83147452609
-202608097272 83147452609 22300117560 83147452609
-26867901186 83147452609 -57812996430 83147452609
-78218049672 83147452609 295168444200 83147452609
97522146414 83147452609 215055330210 83147452609
88335048456648 44982771861469 53609948442540 44982771861469
59047292026548 44982771861469 179199066610620 44982771861469
32767393037022 44982771861469 78069612383910 44982771861469
150207626142 83147452609 43936684470 83147452609
266876489628 83147452609 279263047140 83147452609
218299966542 83147452609 92332447830 83147452609
182014767900 83147452609 -47299075740 83147452609
212025394728 83147452609 59518409580 83147452609
199364970042 83147452609 -202835996370 83147452609
133438244814 83147452609 -234229675050 83147452609
-90878474358 83147452609 32814038250 83147452609
101477846874474 44982771861469 -50048463916710 44982771861469
92182178617326 44982771861469 -88442932942350 44982771861469
6911197231314600 23975817402162977 47386600398579960 23975817402162977
62421911407373742 23975817402162977 42893563217936130 23975817402162977
91688847241017600 23975817402162977 56699711822389860 23975817402162977
77681661079600242 23975817402162977 2797712719553430 23975817402162977
108722243210225400 23975817402162977 11943505925765820 23975817402162977
-23454579109783500 23621276664238201 80686617382816200 23621276664238201
31235274228182346 23621276664238201 76260020678041410 23621276664238201
36315017637349500 23621276664238201 21626962705674900 23621276664238201
-13524645802008361986 12779110675352866741 26423890777147597650 12779110675352866741
-67114312709976 44317592240597 -96297417733860 44317592240597
-125341795594638 44317592240597 -11404221275790 44317592240597
-31672271080800 44317592240597 31296068480880 44317592240597
-14460283911276 44317592240597 131632580421720 44317592240597
-40351570716114 44317592240597 31998570989490 44317592240597
-134872271033976 44317592240597 91096825576680 44317592240597
-41202746520138 44317592240597 133797115333350 44317592240597
-8866550440314 44317592240597 -50730090556950 44317592240597
-7729099270613658 23975817402162977 -31423308177909690 23975817402162977
-21736285432031016 23975817402162977 -85325307280746120 23975817402162977
-54753640593117858 23975817402162977 -40475769606323730 23975817402162977
2299185141892884 23975817402162977 -20929580287053480 23975817402162977
-61758752149819116 23975817402162977 14774164181156520 23975817402162977
13524645802008361986 12779110675352866741 -26423890777147597650 12779110675352866741
-11153431048911571728 12779110675352866741 -9927510240420822420 12779110675352866741
18433779606927950958 12779110675352866741 -12322299057703983810 12779110675352866741
-44878146264 81917915417 -195738643800 81917915417
37155350736 81917915417 -54170922960 81917915417
-62494551882 81917915417 -6272753130 81917915417
127168303500 81917915417 -21624064560 81917915417
232677356814 83147452609 -115604785170 83147452609
293914304586 83147452609 -191028591810 83147452609
230192542314 83147452609 -264365154270 83147452609
41044437573174 44982771861469 -44736938130150 44982771861469
851617746 153692149 1759590 153692149
616564746 153692149 -491851710 153692149
882614754 153692149 -175125510 153692149
728705754 153692149 -440730990 153692149
223748056728 83147452609 -3737369160 83147452609
225913671900 83147452609 76052072880 83147452609
177337148814 83147452609 -110878526430 83147452609
298387214118 81917915417 -267456476070 81917915417
134872271033976 44317592240597 -91096825576680 44317592240597
309127549500 81917915417 212027816700 81917915417
416756907882 81917915417 55108784430 81917915417
25633346382 81917915417 -57339759330 81917915417
125341795594638 44317592240597 11404221275790 44317592240597
227759032872 83147452609 99266251140 83147452609
147267889272 83147452609 121624527780 83147452609
107532909977976 44317592240597 -15485945254920 44317592240597
53024958000 84395444393 252640080000 84395444393
-63196913178 84395444393 94768646490 84395444393
248843183778 84395444393 20147768550 6491957261
310999260222 84395444393 185365119870 84395444393
135436568400 84395444393 272592719280 84395444393
154031574186 83147452609 209230716870 83147452609
202608097272 83147452609 22300117560 83147452609
869061942 155998973 280886130 155998973
371380917600 84395444393 -77946688260 84395444393
142378373661174 44982771861469 -66005248783950 44982771861469
457951575186 83147452609 -165098903130 83147452609
649030284 155998973 -322468020 155998973
563096142 155998973 -361642050 155998973
156197189358 83147452609 9757111770 83147452609
218504071044 84395444393 -278504756460 84395444393
221319326844 84395444393 -109961594820 84395444393
38007259321500 44982771861469 -70951974426900 44982771861469
145271963844 84395444393 -128373388920 84395444393
158122413666 84395444393 -15192948330 84395444393
1050462 288353 -92610 288353
293846238 153692149 324968490 153692149
334922742 155998973 461846070 155998973
635684742 155998973 91406070 155998973
770473746 153692149 -168642810 153692149
168462 288353 -92610 288353
946386 288353 277830 288353
444610026 155998973 8797950 155998973
90878474358 83147452609 32814038250 83147452609
453408858 155998973 -492222150 155998973
609462 288353 -1018710 288353
-168462 288353 -92610 288353
353472084 155998973 -58899960 155998973
234811528686 83147452609 -75100134690 83147452609
-6274571814 83147452609 -246449008890 83147452609
380420711118 81917915417 -125888755230 81917915417
179252392910976 44317592240597 -14508688602240 44317592240597
478752246 153692149 413688870 153692149
590893254 153692149 -226246230 153692149
146098669500 83147452609 188350958880 83147452609
8086656116700 44317592240597 99909268115580 44317592240597
110694260878362 44317592240597 91604208631950 44317592240597
201498191118 81917915417 368946848970 81917915417
-81996012000 81917915417 99579272940 81917915417
67114312709976 44317592240597 96297417733860 44317592240597
11702925486 83147452609 54183425310 83147452609
5258439900 83147452609 314811210420 83147452609
33121746 153692149 96962670 153692149
-232928262 153692149 471292290 153692149
178225010586 83147452609 228873483090 83147452609
239461958358 83147452609 153449676450 83147452609
204055992 153692149 -316726200 153692149
-179849152728 83147452609 64301160420 83147452609
-150207626142 83147452609 -43936684470 83147452609
-386837262 153692149 205686810 153692149
58793238 153692149 -168642810 153692149
-46410907914 83147452609 203932683990 83147452609
-94520948644962 44317592240597 108214327599210 44317592240597
1095000354 81917915417 -95186132370 81917915417
83128497354 81917915417 46381588470 81917915417
147767372635176 44317592240597 68219972944200 44317592240597
121876085830338 44317592240597 -31414036488030 44317592240597
50753501344476 44317592240597 -105837638550840 44317592240597
-25698681414 83147452609 207562255110 83147452609
15341727802338 44317592240597 30318863411970 44317592240597
-122537733822 84395444393 339867679410 84395444393
-5823405000 2058425473 181996245900 84395444393
73280491956 84395444393 349148590560 84395444393
-218504071044 84395444393 278504756460 84395444393
-40126123422 84395444393 359820318690 84395444393
-649030284 155998973 322468020 155998973
-319311342 155998973 472774050 155998973
-18549342 155998973 7871850 11999921
96341742 155998973 -39174030 155998973
195283202814 83147452609 150469116210 83147452609
-106471183014 83147452609 325325131110 83147452609
-238312475100 83147452609 -5298032880 83147452609
-13862654542800 44317592240597 -68394857112540 44317592240597
-227759032872 83147452609 -99266251140 83147452609
-52018836786 83147452609 -19153137150 83147452609
63441910728 83147452609 -180154047780 83147452609
-129067666686 83147452609 -164572322670 83147452609
-52432254978138 44317592240597 114418008301590 44317592240597
50175349783524 44317592240597 106112948817960 44317592240597
159163250400 84395444393 -33405723540 84395444393
83489727818700 44982771861469 -98284610329920 44982771861469
-41044437573174 44982771861469 44736938130150 44982771861469
54031008509352 44982771861469 88078132798740 44982771861469
113132449861326 44982771861469 1910742022350 44982771861469
27610369834698 45657935416613 1308608472150 45657935416613
-35265662472600 45657935416613 -84099837056760 45657935416613
70671997673298 45657935416613 -79078864124610 45657935416613
-127757745864000 44982771861469 51080990310000 44982771861469
-101477846874474 44982771861469 -50048463916710 44982771861469
-117513912757500 44982771861469 -108605138002200 44982771861469
-29287756430100 44982771861469 -125589118168080 44982771861469
-114614947446174 44982771861469 154739402669250 44982771861469
-88335048456648 44982771861469 53609948442540 44982771861469
98781593022 84395444393 17685083430 6491957261
-371380917600 84395444393 77946688260 84395444393
-14846382306 6491957261 159262250490 84395444393
-146512599156 84395444393 -199017223020 84395444393
-70671997673298 45657935416613 79078864124610 45657935416613
17956125869346000 24335679577054729 16594865086736160 24335679577054729
25066379813389866 24335679577054729 72674066173090410 24335679577054729
-8446545406399968 24335679577054729 27151364706181380 24335679577054729
-95675221531638 44317592240597 100115802399690 44317592240597
-69783934726800 44317592240597 481792967460 44317592240597
32823670034862 44317592240597 8786852451090 44317592240597
-20194173873079416 23975817402162977 61286080780832040 23975817402162977
173574580914 83147452609 310750169310 83147452609
46410907914 83147452609 203932683990 83147452609
156805199586 83147452609 375281558190 83147452609
-146098669500 83147452609 188350958880 83147452609
78218049672 83147452609 295168444200 83147452609
117513912757500 44982771861469 108605138002200 44982771861469
101368954745226 44982771861469 86674432193370 44982771861469
108218244500352 44982771861469 146999607027840 44982771861469
86228884195253100 23975817402162977 28412994568012740 23975817402162977
47751565988401758 23975817402162977 68676163283992950 23975817402162977
61758752149819116 23975817402162977 14774164181156520 23975817402162977
307012825728 83147452609 171118645740 83147452609
179849152728 83147452609 64301160420 83147452609
296518016214 83147452609 -171025202250 83147452609
-78006329100 83147452609 139955195520 83147452609
-29429806014 83147452609 -46975403790 83147452609
67384800 155998973 442120140 155998973
397103742 155998973 -409614030 155998973
635684742 155998973 -209205990 155998973
399488252814 83147452609 76375744830 83147452609
453408858 155998973 91406070 155998973
97733866986 83147452609 251231759730 83147452609
220031658 155998973 603354150 155998973
520793658 155998973 232914150 155998973
5823405000 2058425473 -181996245900 84395444393
63196913178 84395444393 -94768646490 84395444393
18582681600 6491957261 -13453084260 84395444393
361345723578 84395444393 -22583967210 84395444393
245123852400 84395444393 -180455400720 84395444393
164973087033048 44982771861469 8612840020680 44982771861469
35265662472600 45657935416613 84099837056760 45657935416613
74420898727109634 24335679577054729 19271043659572110 24335679577054729
81531152671153500 24335679577054729 75350244745926360 24335679577054729
48018227451363666 24335679577054729 29827543279017330 24335679577054729
79223772638551842 23975817402162977 -26836939219467510 23975817402162977
40746454431700500 23975817402162977 13426229496512700 23975817402162977
54753640593117858 23975817402162977 -40475769606323730 23975817402162977
107040948846174 44982771861469 -36672024989250 44982771861469
81932647664700 44982771861469 -60317217690660 44982771861469
143878905002574 44982771861469 23828256370170 44982771861469
-14505302231573832 24335679577054729 15695158187891700 24335679577054729
-48018227451363666 24335679577054729 -29827543279017330 24335679577054729
8446545406399968 24335679577054729 -27151364706181380 24335679577054729
2830840494013959966 12970917214570170557 22327089096471216750 12970917214570170557
81996012000 81917915417 99579272940 81917915417
65474606736 81917915417 5299514640 81917915417
-25633346382 81917915417 -57339759330 81917915417
147508103736 81917915417 -136268206200 81917915417
95675221531638 44317592240597 -100115802399690 44317592240597
182596739687838 44317592240597 -116848633136130 44317592240597
214081759963638 44317592240597 -34119971589690 44317592240597
31566120975536742 23975817402162977 7123431682599750 23975817402162977
30241795500 81917915417 -373632266700 81917915417
219904650882 81917915417 -358280955270 81917915417
8646246 153692149 -117522090 153692149
129067666686 83147452609 -164572322670 83147452609
535420746 153692149 -662254110 153692149
770473746 153692149 -464809590 153692149
78006329100 83147452609 -139955195520 83147452609
801470754 153692149 -287924490 153692149
647561754 153692149 -22319010 153692149
238312475100 83147452609 -5298032880 83147452609
228425675814 83147452609 -59842081530 83147452609
179849152728 83147452609 -246772680840 83147452609
-154031574186 83147452609 -209230716870 83147452609
21708621900 83147452609 -129117602880 83147452609
67511519586 83147452609 -482099043510 83147452609
114614947446174 44982771861469 -154739402669250 44982771861469
59047292026548 44982771861469 -179199066610620 44982771861469
374524345314 83147452609 -310980397770 83147452609
266876489628 83147452609 -279263047140 83147452609
6274571814 83147452609 -246449008890 83147452609
230591290986 83147452609 -139631523570 83147452609
127757745864000 44982771861469 -51080990310000 44982771861469
111612787851726 44982771861469 -73011696118830 44982771861469
118462077606852 44982771861469 -12686521284360 44982771861469
91688847241017600 23975817402162977 -56699711822389860 23975817402162977
67218715195583616 23975817402162977 -70338542209246080 23975817402162977
52446498608700 44317592240597 -46036881455040 44317592240597
-14460283911276 44317592240597 -131632580421720 44317592240597
-50753501344476 44317592240597 -105837638550840 44317592240597
-7729099270613658 23975817402162977 31423308177909690 23975817402162977
-40746454431700500 23975817402162977 -13426229496512700 23975817402162977
-39204342872748900 23975817402162977 -37465455996426780 23975817402162977
-47751565988401758 23975817402162977 -68676163283992950 23975817402162977
-727024665897558 23975817402162977 -77728624712406990 23975817402162977
-159421059882 81917915417 -388983578130 81917915417
-347194008 153692149 -146323800 153692149
-63441910728 83147452609 -180154047780 83147452609
-307012825728 83147452609 -171118645740 83147452609
-590893254 153692149 -226246230 153692149
-176259762 153692149 -28801710 153692149
-173574580914 83147452609 -310750169310 83147452609
-10494809514 83147452609 -342143847990 83147452609
8866550440314 44317592240597 -50730090556950 44317592240597
-33121746 153692149 96962670 153692149
-64118754 153692149 -79922430 153692149
391899942 155998973 19725930 155998973
300762000 155998973 -330988140 155998973
177072084 155998973 311540040 155998973
415653084 155998973 -189480060 155998973
210577500 153692149 119281680 153692149
-453408858 155998973 91406070 155998973
-212025394728 83147452609 -59518409580 83147452609
-272538 288353 -1018710 288353
-1050462 288353 -92610 288353
-563096142 155998973 -361642050 155998973
-233377200 155998973 -511948080 155998973
-97522146414 83147452609 -215055330210 83147452609
505386 288353 -648270 288353
206029026 155998973 -492222150 155998973
-36285198642 83147452609 -234229675050 83147452609
616564746 153692149 -199204110 153692149
946386 288353 -277830 288353
58793238 153692149 -522413010 153692149
96341742 155998973 -662254110 155998973
78218049672 83147452609 -295168444200 83147452609
230591290986 83147452609 139631523570 83147452609
-176259762 153692149 28801710 153692149
-2503998 11999921 291814110 155998973
206029026 155998973 -209205990 155998973
156224378772 83147452609 -155213248680 83147452609
-232677356814 83147452609 115604785170 83147452609
-56937160728 83147452609 195717899160 83147452609
52307647686 83147452609 36443609370 83147452609
-159163250400 84395444393 33405723540 84395444393
-448205058 155998973 -481294170 155998973
-300762000 155998973 -330988140 155998973
-304239200328 83147452609 26095645800 83147452609
-178225010586 83147452609 -228873483090 83147452609
-194994391914 83147452609 -133178643990 83147452609
-73280491956 84395444393 -349148590560 84395444393
-248843183778 84395444393 -20147768550 6491957261
-70465236156 84395444393 -180605428920 84395444393
-133662149334 84395444393 -85836782430 84395444393
126582852186 83147452609 -326885794830 83147452609
-453408858 155998973 -492222150 155998973
-2503998 11999921 -291814110 155998973
-99936774 155998973 -433322190 155998973
-199364970042 83147452609 -202835996370 83147452609
-5258439900 83147452609 -314811210420 83147452609
-22027821228 83147452609 -219116371320 83147452609
439406226 155998973 -302742090 155998973
253746525186 83147452609 -91005531750 83147452609
-223748056728 83147452609 3737369160 83147452609
-48007860642 83147452609 83850483150 83147452609
-179849152728 83147452609 -246772680840 83147452609
122537733822 84395444393 -339867679410 84395444393
-53024958000 84395444393 -252640080000 84395444393
125352989622 84395444393 -171324517770 84395444393
128901981222 84395444393 -338326834230 84395444393
103026829695174 44982771861469 -75532634040150 44982771861469
-27610369834698 45657935416613 -1308608472150 45657935416613
40907973507319800 24335679577054729 -26251657807336920 24335679577054729
14505302231573832 24335679577054729 -15695158187891700 24335679577054729
46206417477465000 23975817402162977 -71686476893889900 23975817402162977
7729099270613658 23975817402162977 -31423308177909690 23975817402162977
21736285432031016 23975817402162977 -85325307280746120 23975817402162977
45094691508300 44982771861469 -120817499050080 44982771861469
19986390326826 44982771861469 -144462691751490 44982771861469
-81531152671153500 24335679577054729 -75350244745926360 24335679577054729
-25066379813389866 24335679577054729 -72674066173090410 24335679577054729
-15031548648134021556 12970917214570170557 -1936510785391296240 12970917214570170557
-18676085877162 44317592240597 28386720607770 44317592240597
-121876085830338 44317592240597 -31414036488030 44317592240597
-46206417477465000 23975817402162977 71686476893889900 23975817402162977
-79223772638551842 23975817402162977 26836939219467510 23975817402162977
-91688847241017600 23975817402162977 56699711822389860 23975817402162977
-77681661079600242 23975817402162977 2797712719553430 23975817402162977
-86228884195253100 23975817402162977 -28412994568012740 23975817402162977
66906782519976 44317592240597 85595698966680 44317592240597
14460283911276 44317592240597 131632580421720 44317592240597
40351570716114 44317592240597 31998570989490 44317592240597
-177337148814 83147452609 -110878526430 83147452609
-1596952728 83147452609 -190991640420 83147452609
156224378772 83147452609 155213248680 83147452609
-19515817314 83147452609 235326362670 83147452609
-72201297042 83147452609 64207716930 83147452609
-266876489628 83147452609 279263047140 83147452609
-218299966542 83147452609 92332447830 83147452609
-277371299142 83147452609 -62880800850 83147452609
-212025394728 83147452609 219744637560 83147452609
90878474358 83147452609 -127412189730 83147452609
150643101502152 44982771861469 67800858609960 44982771861469
-38007259321500 44982771861469 70951974426900 44982771861469
57068186761026 44982771861469 114293169095490 44982771861469
-59047292026548 44982771861469 179199066610620 44982771861469
-32767393037022 44982771861469 78069612383910 44982771861469
-142378373661174 44982771861469 66005248783950 44982771861469
-47302927578648 44982771861469 109346443452540 44982771861469
-22523559930522 44982771861469 -81616515928290 44982771861469
-40907973507319800 24335679577054729 26251657807336920 24335679577054729
-74420898727109634 24335679577054729 -19271043659572110 24335679577054729
-17956125869346000 24335679577054729 -16594865086736160 24335679577054729
-11241783295958640978 12970917214570170557 27953703393635519010 12970917214570170557
-31566120975536742 23975817402162977 -7123431682599750 23975817402162977
-17558934814119384 23975817402162977 -61025430785436180 23975817402162977
37951779361939758 23975817402162977 -56532393604792350 23975817402162977
20194173873079416 23975817402162977 -61286080780832040 23975817402162977
84252111164791416 23975817402162977 -25582336312622040 23975817402162977
11241783295958640978 12970917214570170557 -27953703393635519010 12970917214570170557
15031548648134021556 12970917214570170557 1936510785391296240 12970917214570170557
-2830840494013959966 12970917214570170557 -22327089096471216750 12970917214570170557
