-255137462118 81917915417 -20650826070 81917915417
-207279261000 81917915417 -204817202100 81917915417
-17616405618 81917915417 -189465890670 81917915417
-436984254 153692149 199204110 153692149
-291721500 153692149 51120720 153692149
-112018433814 83147452609 6776551530 83147452609
-120787254 153692149 464809590 153692149
-355589348814 83147452609 15811953570 83147452609
-680683500 153692149 119281680 153692149
-266050008 153692149 316726200 153692149
-222151104000 83147452609 -123819570000 83147452609
-59071332600 83147452609 -155213248680 83147452609
17616405618 81917915417 189465890670 81917915417
28206561316500 44317592240597 74114326244700 44317592240597
-42916023169362 44317592240597 148537928307510 44317592240597
-17024736364524 44317592240597 48903918875280 44317592240597
112141008 153692149 639935100 153692149
-122911992 153692149 442490580 153692149
-243699246 153692149 611133390 153692149
-153909000 153692149 265605480 153692149
300762000 155998973 370440000 155998973
209624058 155998973 19725930 155998973
85934142 155998973 662254110 155998973
120787254 153692149 464809590 153692149
-1050462 288353 648270 288353
-544546800 155998973 442120140 155998973
-260601917814 83147452609 127412189730 83147452609
-1218924 288353 0 1
0 1 555660 288353
-1218924 288353 555660 288353
-654234084 155998973 -10927980 155998973
-146098669500 83147452609 -28124730900 83147452609
436984254 153692149 199204110 153692149
233377200 155998973 189480060 155998973
272538 288353 277830 288353
-120787254 153692149 522413010 153692149
-415653084 155998973 511948080 155998973
-85934142 155998973 662254110 155998973
-445630500 153692149 374329620 153692149
266050008 153692149 316726200 153692149
-48498534 11999921 220133970 155998973
-300762000 155998973 370440000 155998973
30290727978 84395444393 41145789510 84395444393
-39422697407352 44982771861469 -2528958132540 44982771861469
59071332600 83147452609 155213248680 83147452609
-13137100571700 44982771861469 204787866585960 44982771861469
-75083357909574 44982771861469 120642392525130 44982771861469
207279261000 81917915417 204817202100 81917915417
130814166078162 44317592240597 82419385728330 44317592240597
59691581592300 44317592240597 156842987791140 44317592240597
85582868397138 44317592240597 57208978358910 44317592240597
-170934246 153692149 -117522090 153692149
153909000 153692149 -265605480 153692149
445630500 153692149 374329620 153692149
120787254 153692149 522413010 153692149
146098669500 83147452609 -28124730900 83147452609
260601917814 83147452609 127412189730 83147452609
59052989872674 44982771861469 129247212334590 44982771861469
-2893267465200 44982771861469 45101738273760 44982771861469
-111474155201976 44317592240597 42425031073320 44317592240597
-85582868397138 44317592240597 -57208978358910 44317592240597
17024736364524 44317592240597 -48903918875280 44317592240597
-28741396988732274 23975817402162977 30075373493265870 23975817402162977
436984254 153692149 491851710 153692149
81144000 153692149 463050000 153692149
170934246 153692149 117522090 153692149
48498534 11999921 220133970 155998973
539343000 155998973 -130580100 155998973
415653084 155998973 511948080 155998973
654234084 155998973 10927980 155998973
0 1 -555660 288353
1218924 288353 0 1
1218924 288353 -555660 288353
1050462 288353 648270 288353
23753142 155998973 -91406070 155998973
680683500 153692149 -119281680 153692149
260601917814 83147452609 -32814038250 83147452609
122911992 153692149 -442490580 153692149
68092340400 83147452609 -48395763360 83147452609
-233377200 155998973 189480060 155998973
-85934142 155998973 39174030 155998973
112018433814 83147452609 -6776551530 83147452609
-30290727978 84395444393 41145789510 84395444393
-79596354600 84395444393 -148590522360 84395444393
-195818225778 84395444393 9280911150 84395444393
222151104000 83147452609 -123819570000 83147452609
-18934996500 83147452609 -295168444200 83147452609
355589348814 83147452609 15811953570 83147452609
-23753142 155998973 -91406070 155998973
544546800 155998973 -442120140 155998973
123689916 155998973 58899960 155998973
195818225778 84395444393 -9280911150 84395444393
2893267465200 44982771861469 45101738273760 44982771861469
75083357909574 44982771861469 120642392525130 44982771861469
48803458920048 44982771861469 19512938298420 44982771861469
255137462118 81917915417 -20650826070 81917915417
111474155201976 44317592240597 42425031073320 44317592240597
-81144000 153692149 463050000 153692149
243699246 153692149 611133390 153692149
18934996500 83147452609 295168444200 83147452609
-59691581592300 44317592240597 156842987791140 44317592240597
42916023169362 44317592240597 148537928307510 44317592240597
-436984254 153692149 491851710 153692149
-112141008 153692149 639935100 153692149
291721500 153692149 51120720 153692149
85934142 155998973 39174030 155998973
-272538 288353 -277830 288353
-23753142 155998973 492222150 155998973
305965800 155998973 642528180 155998973
-123689916 155998973 58899960 155998973
-539343000 155998973 130580100 155998973
-209624058 155998973 -19725930 155998973
-305965800 155998973 642528180 155998973
23753142 155998973 492222150 155998973
79596354600 84395444393 148590522360 84395444393
-59052989872674 44982771861469 129247212334590 44982771861469
13137100571700 44982771861469 204787866585960 44982771861469
-13142798417826 44982771861469 103658412359250 44982771861469
-130814166078162 44317592240597 82419385728330 44317592240597
-28206561316500 44317592240597 74114326244700 44317592240597
-68092340400 83147452609 -48395763360 83147452609
-260601917814 83147452609 -32814038250 83147452609
39422697407352 44982771861469 -2528958132540 44982771861469
13142798417826 44982771861469 -103658412359250 44982771861469
-48803458920048 44982771861469 -19512938298420 44982771861469
28741396988732274 23975817402162977 30075373493265870 23975817402162977
-144784709118 81917915417 211089955230 81917915417
28356741000 81917915417 290018402100 81917915417
135986099382 81917915417 133099369830 81917915417
-255137462118 81917915417 20650826070 81917915417
-190757855736 81917915417 110537443800 81917915417
-26555211803862 44317592240597 53597127977190 44317592240597
-135986099382 81917915417 -133099369830 81917915417
-166810896000 83147452609 -191980530000 83147452609
-339777466686 83147452609 -106042802670 83147452609
-164037270600 83147452609 -25929688680 83147452609
-436984254 153692149 -199204110 153692149
-170481756186 83147452609 234698096430 83147452609
-291721500 153692149 -51120720 153692149
-557771508 153692149 323208900 153692149
2484814500 83147452609 148760369100 83147452609
63721762272 83147452609 73336562460 83147452609
-120787254 153692149 -464809590 153692149
-535420746 153692149 28801710 153692149
-355589348814 83147452609 -15811953570 83147452609
-325947822228 83147452609 -124049798460 83147452609
-711680508 153692149 57603420 153692149
-266050008 153692149 -316726200 153692149
-222151104000 83147452609 123819570000 83147452609
-188190473158800 44317592240597 65514037842540 44317592240597
-155525044500 81917915417 -268394337540 81917915417
-172046449764 81917915417 -174114579240 81917915417
-263154402882 81917915417 -111475305270 81917915417
-90012952764 81917915417 -32546858400 81917915417
54097848121338 44317592240597 25519683187530 44317592240597
28206561316500 44317592240597 -74114326244700 44317592240597
-42916023169362 44317592240597 -148537928307510 44317592240597
-28356741000 81917915417 -290018402100 81917915417
-57566087586 83147452609 -351254819790 83147452609
-230532658272 83147452609 -265317092460 83147452609
-54792462186 83147452609 -185203978470 83147452609
112141008 153692149 -639935100 153692149
-243699246 153692149 -611133390 153692149
-99649902618 81917915417 47898169830 81917915417
90012952764 81917915417 32546858400 81917915417
-120947733900 83147452609 105090864480 83147452609
54792462186 83147452609 185203978470 83147452609
164037270600 83147452609 25929688680 83147452609
-45756635022 84395444393 22733995410 84395444393
300762000 155998973 -370440000 155998973
85934142 155998973 -662254110 155998973
-82411610400 84395444393 -19952639280 84395444393
-198633481578 84395444393 -13678774830 6491957261
120787254 153692149 -464809590 153692149
-42301951272 83147452609 -219744637560 83147452609
-1050462 288353 -648270 288353
-309178440900 83147452609 59518409580 83147452609
-260601917814 83147452609 -127412189730 83147452609
-63721762272 83147452609 -73336562460 83147452609
-19844177094 6491957261 67274960130 84395444393
-374196173400 84395444393 -90596473380 84395444393
-194675192586 83147452609 215055330210 83147452609
-146098669500 83147452609 28124730900 83147452609
17440278156 84395444393 -72034651080 84395444393
-46271987162478 44982771861469 -62854132967010 44982771861469
436984254 153692149 -199204110 153692149
233377200 155998973 -189480060 155998973
-210577500 153692149 -176885100 153692149
-120787254 153692149 -522413010 153692149
-415653084 155998973 -511948080 155998973
-85934142 155998973 -662254110 155998973
123689916 155998973 -58899960 155998973
-305965800 155998973 -642528180 155998973
-535420746 153692149 -28801710 153692149
-445630500 153692149 -374329620 153692149
-397103742 155998973 -291814110 155998973
266050008 153692149 -316726200 153692149
36285198642 83147452609 -139631523570 83147452609
-48498534 11999921 -220133970 155998973
-300762000 155998973 -370440000 155998973
-397103742 155998973 291814110 155998973
-67384800 155998973 141508080 155998973
30290727978 84395444393 -41145789510 84395444393
-85332888862200 44982771861469 28117758107880 44982771861469
-39422697407352 44982771861469 2528958132540 44982771861469
-156705452883000 44317592240597 -17214623703900 44317592240597
-54097848121338 44317592240597 -25519683187530 44317592240597
-116668863486 83147452609 -235326362670 83147452609
-309178440900 83147452609 -219744637560 83147452609
-13137100571700 44982771861469 -204787866585960 44982771861469
-75083357909574 44982771861469 -120642392525130 44982771861469
14734210827314916 23975817402162977 -23826625609570560 23975817402162977
34137810882 81917915417 -283745648970 81917915417
-73491547500 81917915417 -126826616700 81917915417
99649902618 81917915417 -47898169830 81917915417
156705452883000 44317592240597 17214623703900 44317592240597
130814166078162 44317592240597 -82419385728330 44317592240597
188190473158800 44317592240597 -65514037842540 44317592240597
59691581592300 44317592240597 -156842987791140 44317592240597
172046449764 81917915417 174114579240 81917915417
80491143600 83147452609 -22358276640 83147452609
445630500 153692149 -374329620 153692149
711680508 153692149 -57603420 153692149
557771508 153692149 -323208900 153692149
189735952014 83147452609 -181632566430 83147452609
120787254 153692149 -522413010 153692149
131272629642 83147452609 59842081530 83147452609
146098669500 83147452609 28124730900 83147452609
325947822228 83147452609 124049798460 83147452609
-42301951272 83147452609 59518409580 83147452609
260601917814 83147452609 -127412189730 83147452609
36285198642 83147452609 139631523570 83147452609
85332888862200 44982771861469 -28117758107880 44982771861469
59052989872674 44982771861469 -129247212334590 44982771861469
-2893267465200 44982771861469 -45101738273760 44982771861469
53211529034166258 23975817402162977 16436543106409650 23975817402162977
26555211803862 44317592240597 -53597127977190 44317592240597
-111474155201976 44317592240597 -42425031073320 44317592240597
-76644788149314 44317592240597 6203629118610 44317592240597
-53211529034166258 23975817402162977 -16436543106409650 23975817402162977
-14734210827314916 23975817402162977 23826625609570560 23975817402162977
-28741396988732274 23975817402162977 -30075373493265870 23975817402162977
144784709118 81917915417 -211089955230 81917915417
118174108500 83147452609 -271141705800 83147452609
120947733900 83147452609 -105090864480 83147452609
436984254 153692149 -491851710 153692149
81144000 153692149 -463050000 153692149
73491547500 81917915417 126826616700 81917915417
263154402882 81917915417 111475305270 81917915417
230532658272 83147452609 265317092460 83147452609
339777466686 83147452609 106042802670 83147452609
132621312600 84395444393 104049557640 84395444393
48498534 11999921 -220133970 155998973
415653084 155998973 -511948080 155998973
95966337222 84395444393 61362922950 84395444393
-20255533956 84395444393 -96508510560 84395444393
1050462 288353 -648270 288353
23753142 155998973 91406070 155998973
42301951272 83147452609 -59518409580 83147452609
309178440900 83147452609 219744637560 83147452609
260601917814 83147452609 32814038250 83147452609
-34137810882 81917915417 283745648970 81917915417
155525044500 81917915417 268394337540 81917915417
116668863486 83147452609 235326362670 83147452609
68092340400 83147452609 48395763360 83147452609
190757855736 81917915417 -110537443800 81917915417
76644788149314 44317592240597 -6203629118610 44317592240597
-118174108500 83147452609 271141705800 83147452609
57566087586 83147452609 351254819790 83147452609
166810896000 83147452609 191980530000 83147452609
-42941379222 84395444393 191277157050 84395444393
-233377200 155998973 -189480060 155998973
-109687284 155998973 453048120 155998973
-85934142 155998973 -39174030 155998973
-189735952014 83147452609 181632566430 83147452609
-80491143600 83147452609 22358276640 83147452609
42941379222 84395444393 -191277157050 84395444393
-132621312600 84395444393 -104049557640 84395444393
45756635022 84395444393 -22733995410 84395444393
-55567655419626 44982771861469 -24459663941370 44982771861469
-30290727978 84395444393 -41145789510 84395444393
-17440278156 84395444393 72034651080 84395444393
222151104000 83147452609 123819570000 83147452609
75089055755700 44982771861469 187803886420080 44982771861469
355589348814 83147452609 -15811953570 83147452609
247941493128 83147452609 15905397060 83147452609
-23753142 155998973 91406070 155998973
397103742 155998973 291814110 155998973
429655716 155998973 583628220 155998973
312040096956 84395444393 167152344660 84395444393
374196173400 84395444393 90596473380 84395444393
20255533956 84395444393 96508510560 84395444393
198633481578 84395444393 13678774830 6491957261
-23386631524326 44982771861469 56027715952950 44982771861469
2893267465200 44982771861469 -45101738273760 44982771861469
75083357909574 44982771861469 -120642392525130 44982771861469
255137462118 81917915417 20650826070 81917915417
156705452883000 44317592240597 -17214623703900 44317592240597
111474155201976 44317592240597 -42425031073320 44317592240597
-81144000 153692149 -463050000 153692149
243699246 153692149 -611133390 153692149
535420746 153692149 28801710 153692149
210577500 153692149 176885100 153692149
194675192586 83147452609 -215055330210 83147452609
309178440900 83147452609 -59518409580 83147452609
85332888862200 44982771861469 28117758107880 44982771861469
23386631524326 44982771861469 -56027715952950 44982771861469
-59691581592300 44317592240597 -156842987791140 44317592240597
42916023169362 44317592240597 -148537928307510 44317592240597
-14734210827314916 23975817402162977 -23826625609570560 23975817402162977
-436984254 153692149 -491851710 153692149
-112141008 153692149 -639935100 153692149
291721500 153692149 -51120720 153692149
85934142 155998973 -39174030 155998973
67384800 155998973 -141508080 155998973
-23753142 155998973 -492222150 155998973
397103742 155998973 -291814110 155998973
305965800 155998973 -642528180 155998973
535420746 153692149 -28801710 153692149
-123689916 155998973 -58899960 155998973
-36285198642 83147452609 -139631523570 83147452609
-2484814500 83147452609 -148760369100 83147452609
-312040096956 84395444393 -167152344660 84395444393
-429655716 155998973 -583628220 155998973
170481756186 83147452609 -234698096430 83147452609
109687284 155998973 -453048120 155998973
23753142 155998973 -492222150 155998973
-131272629642 83147452609 -59842081530 83147452609
19844177094 6491957261 -67274960130 84395444393
-95966337222 84395444393 -61362922950 84395444393
82411610400 84395444393 19952639280 84395444393
-85332888862200 44982771861469 -28117758107880 44982771861469
-59052989872674 44982771861469 -129247212334590 44982771861469
-75089055755700 44982771861469 -187803886420080 44982771861469
13137100571700 44982771861469 -204787866585960 44982771861469
-156705452883000 44317592240597 17214623703900 44317592240597
-130814166078162 44317592240597 -82419385728330 44317592240597
-28206561316500 44317592240597 -74114326244700 44317592240597
-53211529034166258 23975817402162977 16436543106409650 23975817402162977
-68092340400 83147452609 48395763360 83147452609
42301951272 83147452609 219744637560 83147452609
-247941493128 83147452609 -15905397060 83147452609
-260601917814 83147452609 32814038250 83147452609
-36285198642 83147452609 139631523570 83147452609
55567655419626 44982771861469 24459663941370 44982771861469
39422697407352 44982771861469 2528958132540 44982771861469
46271987162478 44982771861469 62854132967010 44982771861469
53211529034166258 23975817402162977 -16436543106409650 23975817402162977
14734210827314916 23975817402162977 23826625609570560 23975817402162977
28741396988732274 23975817402162977 -30075373493265870 23975817402162977
