-16704 8125 19872 8125
-15804 8125 3672 8125
-576 325 864 325
576 325 864 325
-8064 4225 4752 4225
15804 8125 -3672 8125
23256 105625 2592 105625
576 325 432 325
8064 4225 4752 4225
7596 4225 -3672 4225
16704 8125 19872 8125
-576 325 432 325
-7596 4225 3672 4225
-23256 105625 2592 105625
-24768 8125 7776 8125
-9468 8125 13176 8125
-16704 8125 -19872 8125
9468 8125 -13176 8125
-2304 4225 -9072 4225
-576 325 -864 325
-72 845 864 4225
576 325 -864 325
-72 325 0 1
-8064 4225 -4752 4225
-34956 105625 -208008 105625
504 8125 -1728 8125
34956 105625 208008 105625
23256 105625 -2592 105625
24768 8125 -7776 8125
5652 4225 -6264 4225
576 325 -432 325
-504 8125 1728 8125
-5652 4225 6264 4225
2304 4225 9072 4225
8064 4225 -4752 4225
16704 8125 -19872 8125
34956 105625 -208008 105625
-576 325 -432 325
72 325 0 1
72 845 -864 4225
-34956 105625 208008 105625
-23256 105625 -2592 105625
