-526774500 153692149 -146323800 153692149
-201931254 153692149 -294407190 153692149
-107647855686 83147452609 31717350630 83147452609
201931254 153692149 294407190 153692149
-5203800 155998973 311540040 155998973
-777924 288353 926100 288353
-23753142 155998973 209205990 155998973
-114891084 155998973 -141508080 155998973
123689916 155998973 642528180 155998973
-336924 288353 1296540 288353
0 1 1296540 288353
-777924 288353 370440 288353
23753142 155998973 209205990 155998973
-182014767900 83147452609 326562122880 83147452609
266050008 153692149 374329620 153692149
30997008 153692149 176885100 153692149
-29641526586 83147452609 -108237844890 83147452609
526774500 153692149 146323800 153692149
324515142 155998973 161234010 155998973
777924 288353 370440 288353
-120787254 153692149 168642810 153692149
-30997008 153692149 -176885100 153692149
-324515142 155998973 -161234010 155998973
5203800 155998973 -311540040 155998973
29641526586 83147452609 -108237844890 83147452609
120787254 153692149 168642810 153692149
182014767900 83147452609 326562122880 83147452609
-266050008 153692149 374329620 153692149
336924 288353 1296540 288353
777924 288353 926100 288353
-123689916 155998973 642528180 155998973
114891084 155998973 141508080 155998973
107647855686 83147452609 31717350630 83147452609
-207279261000 81917915417 204817202100 81917915417
-17616405618 81917915417 189465890670 81917915417
-112018433814 83147452609 -6776551530 83147452609
-680683500 153692149 -119281680 153692149
-59071332600 83147452609 155213248680 83147452609
-107647855686 83147452609 -31717350630 83147452609
17616405618 81917915417 -189465890670 81917915417
-17024736364524 44317592240597 -48903918875280 44317592240597
-122911992 153692149 -442490580 153692149
-153909000 153692149 -265605480 153692149
209624058 155998973 -19725930 155998973
-544546800 155998973 -442120140 155998973
-1218924 288353 -555660 288353
-777924 288353 -926100 288353
-654234084 155998973 10927980 155998973
-23753142 155998973 -209205990 155998973
272538 288353 -277830 288353
123689916 155998973 -642528180 155998973
-336924 288353 -1296540 288353
0 1 -1296540 288353
-777924 288353 -370440 288353
23753142 155998973 -209205990 155998973
59071332600 83147452609 -155213248680 83147452609
-182014767900 83147452609 -326562122880 83147452609
207279261000 81917915417 -204817202100 81917915417
85582868397138 44317592240597 -57208978358910 44317592240597
-170934246 153692149 117522090 153692149
153909000 153692149 265605480 153692149
266050008 153692149 -374329620 153692149
-29641526586 83147452609 108237844890 83147452609
-85582868397138 44317592240597 57208978358910 44317592240597
17024736364524 44317592240597 48903918875280 44317592240597
170934246 153692149 -117522090 153692149
539343000 155998973 130580100 155998973
654234084 155998973 -10927980 155998973
1218924 288353 555660 288353
777924 288353 -370440 288353
680683500 153692149 119281680 153692149
122911992 153692149 442490580 153692149
-120787254 153692149 -168642810 153692149
112018433814 83147452609 6776551530 83147452609
-79596354600 84395444393 148590522360 84395444393
-195818225778 84395444393 -9280911150 84395444393
-18934996500 83147452609 295168444200 83147452609
29641526586 83147452609 108237844890 83147452609
544546800 155998973 442120140 155998973
195818225778 84395444393 9280911150 84395444393
48803458920048 44982771861469 -19512938298420 44982771861469
120787254 153692149 -168642810 153692149
18934996500 83147452609 -295168444200 83147452609
182014767900 83147452609 -326562122880 83147452609
-266050008 153692149 -374329620 153692149
-272538 288353 277830 288353
336924 288353 -1296540 288353
777924 288353 -926100 288353
-539343000 155998973 -130580100 155998973
-209624058 155998973 19725930 155998973
-123689916 155998973 -642528180 155998973
79596354600 84395444393 -148590522360 84395444393
-13142798417826 44982771861469 -103658412359250 44982771861469
107647855686 83147452609 -31717350630 83147452609
13142798417826 44982771861469 103658412359250 44982771861469
-48803458920048 44982771861469 19512938298420 44982771861469
