dps=500 poles m=24..58  a1-stable-digits~108.6
a1 = 1.7507716049382716049382716049382716049382716049382716049382716049382716049382716
a2 = 2.0134225640463852055072905553015292384291012548900066046842452878118173042727227
a3 = 1.7482991417153754516114085930598286357708113167058078830303512145630354156122505
C = 3.7139474224821211408923978185553297919844739412387675671734795434039027704056955
